0001_0268_0133_0322_0322.jpg 1 268 133 322 322
0002_0192_0149_0234_0234.jpg 1 192 149 234 234
0003_0358_0205_0025_0025.jpg 1 358 205 25 25
0004_0178_0039_0224_0224.jpg 1 178 39 224 224
0005_0090_0028_0279_0279.jpg 1 90 28 279 279
0006_0207_0199_0108_0108.jpg 1 207 199 108 108
0007_0425_0149_0031_0031.jpg 1 425 149 31 31
0008_0043_0129_0335_0335.jpg 1 43 129 335 335
0009_0134_0257_0302_0302.jpg 1 134 257 302 302
0010_0380_0057_0108_0108.jpg 1 380 57 108 108
0011_0248_0353_0027_0027.jpg 1 248 353 27 27
0012_0311_0206_0051_0051.jpg 1 311 206 51 51
0013_0083_0316_0250_0250.jpg 1 83 316 250 250
0014_0230_0110_0226_0226.jpg 1 230 110 226 226
0015_0247_0207_0172_0172.jpg 1 247 207 172 172
0016_0322_0127_0253_0253.jpg 1 322 127 253 253
0017_0126_0171_0105_0105.jpg 1 126 171 105 105
0018_0144_0050_0041_0041.jpg 1 144 50 41 41
0019_0134_0240_0213_0213.jpg 1 134 240 213 213
0020_0084_0341_0045_0045.jpg 1 84 341 45 45
0021_0234_0370_0126_0126.jpg 1 234 370 126 126
0022_0347_0289_0107_0107.jpg 1 347 289 107 107
0023_0139_0250_0083_0083.jpg 1 139 250 83 83
0024_0304_0379_0047_0047.jpg 1 304 379 47 47
0025_0293_0112_0137_0137.jpg 1 293 112 137 137
0026_0093_0291_0134_0134.jpg 1 93 291 134 134
0027_0264_0334_0051_0051.jpg 1 264 334 51 51
0028_0212_0163_0129_0129.jpg 1 212 163 129 129
0029_0219_0108_0163_0163.jpg 1 219 108 163 163
0030_0372_0255_0098_0098.jpg 1 372 255 98 98
0031_0223_0298_0141_0141.jpg 1 223 298 141 141
0032_0148_0190_0237_0237.jpg 1 148 190 237 237
0033_0148_0029_0248_0248.jpg 1 148 29 248 248
0034_0407_0206_0110_0110.jpg 1 407 206 110 110
0035_0062_0242_0182_0182.jpg 1 62 242 182 182
0036_0137_0294_0287_0287.jpg 1 137 294 287 287
0037_0146_0120_0318_0318.jpg 1 146 120 318 318
0038_0246_0475_0024_0024.jpg 1 246 475 24 24
0039_0054_0043_0189_0189.jpg 1 54 43 189 189
0040_0207_0210_0189_0189.jpg 1 207 210 189 189
0041_0096_0078_0297_0297.jpg 1 96 78 297 297
0042_0128_0050_0216_0216.jpg 1 128 50 216 216
0043_0177_0229_0040_0040.jpg 1 177 229 40 40
0044_0062_0448_0100_0100.jpg 1 62 448 100 100
0045_0183_0253_0235_0235.jpg 1 183 253 235 235
0046_0169_0291_0095_0095.jpg 1 169 291 95 95
0047_0179_0033_0247_0247.jpg 1 179 33 247 247
0048_0188_0253_0091_0091.jpg 1 188 253 91 91
0049_0072_0125_0324_0324.jpg 1 72 125 324 324
0050_0349_0101_0198_0198.jpg 1 349 101 198 198
0051_0373_0205_0223_0223.jpg 1 373 205 223 223
0052_0056_0128_0207_0207.jpg 1 56 128 207 207
0053_0163_0166_0123_0123.jpg 1 163 166 123 123
0054_0103_0113_0312_0312.jpg 1 103 113 312 312
0055_0402_0196_0150_0150.jpg 1 402 196 150 150
0056_0061_0071_0326_0326.jpg 1 61 71 326 326
0057_0246_0226_0200_0200.jpg 1 246 226 200 200
0058_0121_0082_0319_0319.jpg 1 121 82 319 319
0059_0260_0277_0025_0025.jpg 1 260 277 25 25
0060_0163_0149_0178_0178.jpg 1 163 149 178 178
0061_0471_0065_0070_0070.jpg 1 471 65 70 70
0062_0082_0401_0129_0129.jpg 1 82 401 129 129
0063_0249_0169_0140_0140.jpg 1 249 169 140 140
0064_0293_0128_0233_0233.jpg 1 293 128 233 233
0065_0065_0357_0103_0103.jpg 1 65 357 103 103
0066_0371_0249_0155_0155.jpg 1 371 249 155 155
0067_0249_0174_0079_0079.jpg 1 249 174 79 79
0068_0299_0099_0204_0204.jpg 1 299 99 204 204
0069_0283_0146_0271_0271.jpg 1 283 146 271 271
0070_0096_0192_0201_0201.jpg 1 96 192 201 201
0071_0146_0027_0318_0318.jpg 1 146 27 318 318
0072_0416_0206_0121_0121.jpg 1 416 206 121 121
0073_0094_0283_0255_0255.jpg 1 94 283 255 255
0074_0189_0080_0165_0165.jpg 1 189 80 165 165
0075_0291_0504_0063_0063.jpg 1 291 504 63 63
0076_0097_0340_0063_0063.jpg 1 97 340 63 63
0077_0302_0221_0173_0173.jpg 1 302 221 173 173
0078_0164_0131_0222_0222.jpg 1 164 131 222 222
0079_0494_0353_0033_0033.jpg 1 494 353 33 33
0080_0050_0118_0307_0307.jpg 1 50 118 307 307
0081_0389_0260_0066_0066.jpg 1 389 260 66 66
0082_0292_0208_0118_0118.jpg 1 292 208 118 118
0083_0214_0065_0181_0181.jpg 1 214 65 181 181
0084_0167_0053_0068_0068.jpg 1 167 53 68 68
0085_0189_0196_0249_0249.jpg 1 189 196 249 249
0086_0304_0067_0299_0299.jpg 1 304 67 299 299
0087_0271_0361_0031_0031.jpg 1 271 361 31 31
0088_0071_0106_0190_0190.jpg 1 71 106 190 190
0089_0417_0131_0159_0159.jpg 1 417 131 159 159
0090_0087_0034_0320_0320.jpg 1 87 34 320 320
0091_0088_0229_0113_0113.jpg 1 88 229 113 113
0092_0311_0084_0032_0032.jpg 1 311 84 32 32
0093_0051_0402_0193_0193.jpg 1 51 402 193 193
0094_0488_0134_0042_0042.jpg 1 488 134 42 42
0095_0346_0120_0188_0188.jpg 1 346 120 188 188
0096_0366_0032_0162_0162.jpg 1 366 32 162 162
0097_0281_0104_0195_0195.jpg 1 281 104 195 195
0098_0274_0412_0026_0026.jpg 1 274 412 26 26
0099_0234_0238_0127_0127.jpg 1 234 238 127 127
0100_0399_0222_0190_0190.jpg 1 399 222 190 190
0101_0260_0333_0098_0098.jpg 1 260 333 98 98
0102_0258_0073_0213_0213.jpg 1 258 73 213 213
0103_0120_0060_0314_0314.jpg 1 120 60 314 314
0104_0072_0240_0200_0200.jpg 1 72 240 200 200
0105_0163_0218_0222_0222.jpg 1 163 218 222 222
0106_0149_0059_0269_0269.jpg 1 149 59 269 269
0107_0073_0167_0250_0250.jpg 1 73 167 250 250
0108_0024_0227_0268_0268.jpg 1 24 227 268 268
0109_0150_0170_0060_0060.jpg 1 150 170 60 60
0110_0371_0096_0221_0221.jpg 1 371 96 221 221
0111_0266_0335_0064_0064.jpg 1 266 335 64 64
0112_0162_0073_0237_0237.jpg 1 162 73 237 237
0113_0403_0294_0032_0032.jpg 1 403 294 32 32
0114_0050_0306_0253_0253.jpg 1 50 306 253 253
0115_0343_0063_0096_0096.jpg 1 343 63 96 96
0116_0161_0142_0279_0279.jpg 1 161 142 279 279
0117_0256_0338_0193_0193.jpg 1 256 338 193 193
0118_0233_0197_0107_0107.jpg 1 233 197 107 107
0119_0069_0246_0253_0253.jpg 1 69 246 253 253
0120_0259_0194_0258_0258.jpg 1 259 194 258 258
0121_0200_0264_0197_0197.jpg 1 200 264 197 197
0122_0368_0223_0196_0196.jpg 1 368 223 196 196
0123_0220_0352_0068_0068.jpg 1 220 352 68 68
0124_0320_0152_0247_0247.jpg 1 320 152 247 247
0125_0091_0211_0078_0078.jpg 1 91 211 78 78
0126_0063_0035_0227_0227.jpg 1 63 35 227 227
0127_0373_0158_0054_0054.jpg 1 373 158 54 54
0128_0045_0046_0330_0330.jpg 1 45 46 330 330
