0001_0248_0097_0091_0091.jpg 1 248 97 91 91
0002_0090_0138_0147_0147.jpg 1 90 138 147 147
0003_0113_0158_0058_0058.jpg 1 113 158 58 58
0004_0184_0052_0274_0274.jpg 1 184 52 274 274
0005_0305_0222_0158_0158.jpg 1 305 222 158 158
0006_0042_0198_0248_0248.jpg 1 42 198 248 248
0007_0299_0333_0078_0078.jpg 1 299 333 78 78
0008_0270_0068_0112_0112.jpg 1 270 68 112 112
0009_0226_0041_0238_0238.jpg 1 226 41 238 238
0010_0230_0168_0220_0220.jpg 1 230 168 220 220
0011_0108_0220_0116_0116.jpg 1 108 220 116 116
0012_0180_0407_0177_0177.jpg 1 180 407 177 177
0013_0035_0056_0327_0327.jpg 1 35 56 327 327
0014_0463_0057_0074_0074.jpg 1 463 57 74 74
0015_0269_0318_0088_0088.jpg 1 269 318 88 88
0016_0293_0100_0194_0194.jpg 1 293 100 194 194
0017_0333_0335_0035_0035.jpg 1 333 335 35 35
0018_0205_0171_0083_0083.jpg 1 205 171 83 83
0019_0126_0077_0298_0298.jpg 1 126 77 298 298
0020_0190_0315_0078_0078.jpg 1 190 315 78 78
0021_0118_0191_0211_0211.jpg 1 118 191 211 211
0022_0414_0169_0127_0127.jpg 1 414 169 127 127
0023_0251_0159_0281_0281.jpg 1 251 159 281 281
0024_0040_0112_0286_0286.jpg 1 40 112 286 286
0025_0152_0187_0302_0302.jpg 1 152 187 302 302
0026_0364_0203_0222_0222.jpg 1 364 203 222 222
0027_0317_0246_0160_0160.jpg 1 317 246 160 160
0028_0287_0093_0190_0190.jpg 1 287 93 190 190
0029_0101_0104_0325_0325.jpg 1 101 104 325 325
0030_0292_0050_0309_0309.jpg 1 292 50 309 309
0031_0178_0122_0138_0138.jpg 1 178 122 138 138
0032_0270_0149_0203_0203.jpg 1 270 149 203 203
0033_0217_0223_0113_0113.jpg 1 217 223 113 113
0034_0219_0267_0171_0171.jpg 1 219 267 171 171
0035_0192_0095_0092_0092.jpg 1 192 95 92 92
0036_0270_0122_0299_0299.jpg 1 270 122 299 299
0037_0162_0075_0035_0035.jpg 1 162 75 35 35
0038_0086_0079_0204_0204.jpg 1 86 79 204 204
0039_0409_0347_0032_0032.jpg 1 409 347 32 32
0040_0223_0273_0042_0042.jpg 1 223 273 42 42
0041_0311_0216_0098_0098.jpg 1 311 216 98 98
0042_0089_0089_0213_0213.jpg 1 89 89 213 213
0043_0259_0158_0155_0155.jpg 1 259 158 155 155
0044_0151_0072_0326_0326.jpg 1 151 72 326 326
0045_0275_0189_0257_0257.jpg 1 275 189 257 257
0046_0294_0144_0273_0273.jpg 1 294 144 273 273
0047_0102_0082_0242_0242.jpg 1 102 82 242 242
0048_0086_0234_0088_0088.jpg 1 86 234 88 88
0049_0183_0159_0258_0258.jpg 1 183 159 258 258
0050_0161_0304_0107_0107.jpg 1 161 304 107 107
0051_0275_0206_0064_0064.jpg 1 275 206 64 64
0052_0294_0091_0107_0107.jpg 1 294 91 107 107
0053_0168_0206_0140_0140.jpg 1 168 206 140 140
0054_0397_0294_0089_0089.jpg 1 397 294 89 89
0055_0119_0057_0160_0160.jpg 1 119 57 160 160
0056_0252_0062_0325_0325.jpg 1 252 62 325 325
0057_0177_0165_0158_0158.jpg 1 177 165 158 158
0058_0083_0134_0151_0151.jpg 1 83 134 151 151
0059_0055_0364_0234_0234.jpg 1 55 364 234 234
0060_0066_0119_0242_0242.jpg 1 66 119 242 242
0061_0335_0137_0250_0250.jpg 1 335 137 250 250
0062_0297_0212_0154_0154.jpg 1 297 212 154 154
0063_0102_0202_0335_0335.jpg 1 102 202 335 335
0064_0141_0096_0182_0182.jpg 1 141 96 182 182
0065_0356_0157_0145_0145.jpg 1 356 157 145 145
0066_0170_0267_0098_0098.jpg 1 170 267 98 98
0067_0073_0093_0256_0256.jpg 1 73 93 256 256
0068_0178_0066_0327_0327.jpg 1 178 66 327 327
0069_0225_0076_0293_0293.jpg 1 225 76 293 293
0070_0331_0201_0132_0132.jpg 1 331 201 132 132
0071_0217_0251_0148_0148.jpg 1 217 251 148 148
0072_0422_0111_0163_0163.jpg 1 422 111 163 163
0073_0184_0106_0037_0037.jpg 1 184 106 37 37
0074_0249_0188_0200_0200.jpg 1 249 188 200 200
0075_0207_0119_0237_0237.jpg 1 207 119 237 237
0076_0343_0209_0225_0225.jpg 1 343 209 225 225
0077_0422_0045_0060_0060.jpg 1 422 45 60 60
0078_0194_0123_0315_0315.jpg 1 194 123 315 315
0079_0119_0159_0191_0191.jpg 1 119 159 191 191
0080_0458_0129_0068_0068.jpg 1 458 129 68 68
0081_0282_0148_0253_0253.jpg 1 282 148 253 253
0082_0046_0040_0327_0327.jpg 1 46 40 327 327
0083_0261_0349_0156_0156.jpg 1 261 349 156 156
0084_0063_0277_0165_0165.jpg 1 63 277 165 165
0085_0101_0182_0095_0095.jpg 1 101 182 95 95
0086_0051_0042_0329_0329.jpg 1 51 42 329 329
0087_0231_0062_0207_0207.jpg 1 231 62 207 207
0088_0304_0173_0248_0248.jpg 1 304 173 248 248
0089_0087_0069_0163_0163.jpg 1 87 69 163 163
0090_0288_0283_0101_0101.jpg 1 288 283 101 101
0091_0380_0236_0159_0159.jpg 1 380 236 159 159
0092_0367_0358_0031_0031.jpg 1 367 358 31 31
0093_0104_0276_0171_0171.jpg 1 104 276 171 171
0094_0362_0300_0134_0134.jpg 1 362 300 134 134
0095_0366_0114_0074_0074.jpg 1 366 114 74 74
0096_0078_0067_0278_0278.jpg 1 78 67 278 278
0097_0281_0126_0258_0258.jpg 1 281 126 258 258
0098_0367_0229_0159_0159.jpg 1 367 229 159 159
0099_0281_0125_0227_0227.jpg 1 281 125 227 227
0100_0112_0392_0026_0026.jpg 1 112 392 26 26
0101_0040_0052_0246_0246.jpg 1 40 52 246 246
0102_0245_0038_0334_0334.jpg 1 245 38 334 334
0103_0226_0048_0176_0176.jpg 1 226 48 176 176
0104_0261_0221_0232_0232.jpg 1 261 221 232 232
0105_0316_0149_0266_0266.jpg 1 316 149 266 266
0106_0361_0190_0074_0074.jpg 1 361 190 74 74
0107_0115_0236_0133_0133.jpg 1 115 236 133 133
0108_0044_0187_0129_0129.jpg 1 44 187 129 129
0109_0073_0133_0160_0160.jpg 1 73 133 160 160
0110_0167_0208_0200_0200.jpg 1 167 208 200 200
0111_0341_0237_0046_0046.jpg 1 341 237 46 46
0112_0124_0047_0199_0199.jpg 1 124 47 199 199
0113_0039_0268_0165_0165.jpg 1 39 268 165 165
0114_0274_0196_0192_0192.jpg 1 274 196 192 192
0115_0276_0195_0079_0079.jpg 1 276 195 79 79
0116_0142_0125_0312_0312.jpg 1 142 125 312 312
0117_0350_0255_0063_0063.jpg 1 350 255 63 63
0118_0096_0302_0111_0111.jpg 1 96 302 111 111
0119_0190_0035_0293_0293.jpg 1 190 35 293 293
0120_0523_0364_0040_0040.jpg 1 523 364 40 40
0121_0046_0046_0181_0181.jpg 1 46 46 181 181
0122_0136_0333_0241_0241.jpg 1 136 333 241 241
0123_0062_0130_0212_0212.jpg 1 62 130 212 212
0124_0152_0180_0151_0151.jpg 1 152 180 151 151
0125_0107_0100_0292_0292.jpg 1 107 100 292 292
0126_0035_0217_0289_0289.jpg 1 35 217 289 289
0127_0275_0095_0245_0245.jpg 1 275 95 245 245
0128_0146_0045_0241_0241.jpg 1 146 45 241 241
