0001_0317_0386_0111_0111.jpg 1 317 386 111 111
0002_0059_0165_0226_0226.jpg 1 59 165 226 226
0003_0067_0050_0335_0335.jpg 1 67 50 335 335
0004_0097_0130_0319_0319.jpg 1 97 130 319 319
0005_0164_0419_0102_0102.jpg 1 164 419 102 102
0006_0300_0094_0095_0095.jpg 1 300 94 95 95
0007_0209_0483_0064_0064.jpg 1 209 483 64 64
0008_0218_0082_0183_0183.jpg 1 218 82 183 183
0009_0166_0067_0184_0184.jpg 1 166 67 184 184
0010_0145_0156_0203_0203.jpg 1 145 156 203 203
0011_0293_0071_0258_0258.jpg 1 293 71 258 258
0012_0270_0254_0108_0108.jpg 1 270 254 108 108
0013_0047_0241_0241_0241.jpg 1 47 241 241 241
0014_0252_0197_0098_0098.jpg 1 252 197 98 98
0015_0256_0407_0131_0131.jpg 1 256 407 131 131
0016_0301_0025_0283_0283.jpg 1 301 25 283 283
0017_0099_0260_0077_0077.jpg 1 99 260 77 77
0018_0041_0372_0093_0093.jpg 1 41 372 93 93
0019_0319_0193_0226_0226.jpg 1 319 193 226 226
0020_0382_0087_0049_0049.jpg 1 382 87 49 49
0021_0284_0165_0267_0267.jpg 1 284 165 267 267
0022_0128_0322_0094_0094.jpg 1 128 322 94 94
0023_0100_0114_0227_0227.jpg 1 100 114 227 227
0024_0079_0339_0033_0033.jpg 1 79 339 33 33
0025_0187_0337_0224_0224.jpg 1 187 337 224 224
0026_0362_0265_0123_0123.jpg 1 362 265 123 123
0027_0197_0076_0308_0308.jpg 1 197 76 308 308
0028_0103_0273_0066_0066.jpg 1 103 273 66 66
0029_0028_0111_0216_0216.jpg 1 28 111 216 216
0030_0078_0062_0127_0127.jpg 1 78 62 127 127
0031_0082_0016_0331_0331.jpg 1 82 16 331 331
0032_0295_0157_0220_0220.jpg 1 295 157 220 220
0033_0340_0252_0190_0190.jpg 1 340 252 190 190
0034_0088_0230_0071_0071.jpg 1 88 230 71 71
0035_0361_0181_0080_0080.jpg 1 361 181 80 80
0036_0258_0504_0050_0050.jpg 1 258 504 50 50
0037_0078_0209_0197_0197.jpg 1 78 209 197 197
0038_0110_0096_0234_0234.jpg 1 110 96 234 234
0039_0468_0094_0109_0109.jpg 1 468 94 109 109
0040_0315_0042_0132_0132.jpg 1 315 42 132 132
0041_0170_0119_0196_0196.jpg 1 170 119 196 196
0042_0167_0081_0256_0256.jpg 1 167 81 256 256
0043_0071_0214_0335_0335.jpg 1 71 214 335 335
0044_0057_0149_0044_0044.jpg 1 57 149 44 44
0045_0343_0378_0055_0055.jpg 1 343 378 55 55
0046_0231_0224_0092_0092.jpg 1 231 224 92 92
0047_0327_0090_0088_0088.jpg 1 327 90 88 88
0048_0233_0391_0157_0157.jpg 1 233 391 157 157
0049_0138_0160_0293_0293.jpg 1 138 160 293 293
0050_0230_0049_0300_0300.jpg 1 230 49 300 300
0051_0172_0081_0224_0224.jpg 1 172 81 224 224
0052_0107_0196_0250_0250.jpg 1 107 196 250 250
0053_0160_0077_0334_0334.jpg 1 160 77 334 334
0054_0105_0060_0090_0090.jpg 1 105 60 90 90
0055_0365_0108_0193_0193.jpg 1 365 108 193 193
0056_0278_0311_0115_0115.jpg 1 278 311 115 115
0057_0404_0123_0088_0088.jpg 1 404 123 88 88
0058_0340_0087_0208_0208.jpg 1 340 87 208 208
0059_0107_0045_0190_0190.jpg 1 107 45 190 190
0060_0255_0343_0062_0062.jpg 1 255 343 62 62
0061_0221_0120_0209_0209.jpg 1 221 120 209 209
0062_0266_0083_0318_0318.jpg 1 266 83 318 318
0063_0130_0334_0239_0239.jpg 1 130 334 239 239
0064_0084_0067_0213_0213.jpg 1 84 67 213 213
0065_0236_0080_0153_0153.jpg 1 236 80 153 153
0066_0071_0360_0050_0050.jpg 1 71 360 50 50
0067_0220_0259_0108_0108.jpg 1 220 259 108 108
0068_0291_0290_0131_0131.jpg 1 291 290 131 131
0069_0067_0078_0056_0056.jpg 1 67 78 56 56
0070_0225_0130_0216_0216.jpg 1 225 130 216 216
0071_0168_0056_0312_0312.jpg 1 168 56 312 312
0072_0120_0104_0318_0318.jpg 1 120 104 318 318
0073_0137_0194_0127_0127.jpg 1 137 194 127 127
0074_0336_0182_0218_0218.jpg 1 336 182 218 218
0075_0126_0093_0321_0321.jpg 1 126 93 321 321
0076_0329_0190_0094_0094.jpg 1 329 190 94 94
0077_0181_0236_0174_0174.jpg 1 181 236 174 174
0078_0037_0271_0316_0316.jpg 1 37 271 316 316
0079_0210_0126_0129_0129.jpg 1 210 126 129 129
0080_0052_0243_0291_0291.jpg 1 52 243 291 291
0081_0274_0267_0155_0155.jpg 1 274 267 155 155
0082_0298_0186_0087_0087.jpg 1 298 186 87 87
0083_0079_0309_0061_0061.jpg 1 79 309 61 61
0084_0022_0135_0306_0306.jpg 1 22 135 306 306
0085_0235_0077_0175_0175.jpg 1 235 77 175 175
0086_0316_0146_0200_0200.jpg 1 316 146 200 200
0087_0176_0238_0054_0054.jpg 1 176 238 54 54
0088_0060_0065_0102_0102.jpg 1 60 65 102 102
0089_0061_0271_0200_0200.jpg 1 61 271 200 200
0090_0206_0170_0107_0107.jpg 1 206 170 107 107
0091_0292_0080_0213_0213.jpg 1 292 80 213 213
0092_0344_0256_0024_0024.jpg 1 344 256 24 24
0093_0099_0055_0170_0170.jpg 1 99 55 170 170
0094_0158_0063_0240_0240.jpg 1 158 63 240 240
0095_0244_0213_0217_0217.jpg 1 244 213 217 217
0096_0342_0058_0231_0231.jpg 1 342 58 231 231
0097_0183_0024_0335_0335.jpg 1 183 24 335 335
0098_0165_0202_0067_0067.jpg 1 165 202 67 67
0099_0147_0172_0088_0088.jpg 1 147 172 88 88
0100_0127_0018_0328_0328.jpg 1 127 18 328 328
0101_0051_0026_0314_0314.jpg 1 51 26 314 314
0102_0131_0251_0194_0194.jpg 1 131 251 194 194
0103_0364_0323_0089_0089.jpg 1 364 323 89 89
0104_0180_0281_0076_0076.jpg 1 180 281 76 76
0105_0343_0188_0203_0203.jpg 1 343 188 203 203
0106_0279_0087_0260_0260.jpg 1 279 87 260 260
0107_0239_0197_0025_0025.jpg 1 239 197 25 25
0108_0208_0178_0075_0075.jpg 1 208 178 75 75
0109_0264_0170_0287_0287.jpg 1 264 170 287 287
0110_0026_0244_0258_0258.jpg 1 26 244 258 258
0111_0464_0190_0074_0074.jpg 1 464 190 74 74
0112_0071_0099_0207_0207.jpg 1 71 99 207 207
0113_0229_0422_0162_0162.jpg 1 229 422 162 162
0114_0072_0322_0067_0067.jpg 1 72 322 67 67
0115_0339_0066_0171_0171.jpg 1 339 66 171 171
0116_0348_0432_0085_0085.jpg 1 348 432 85 85
0117_0187_0193_0262_0262.jpg 1 187 193 262 262
0118_0139_0066_0150_0150.jpg 1 139 66 150 150
0119_0120_0302_0078_0078.jpg 1 120 302 78 78
0120_0293_0104_0096_0096.jpg 1 293 104 96 96
0121_0193_0341_0259_0259.jpg 1 193 341 259 259
0122_0084_0235_0327_0327.jpg 1 84 235 327 327
0123_0118_0334_0090_0090.jpg 1 118 334 90 90
0124_0106_0225_0180_0180.jpg 1 106 225 180 180
0125_0204_0122_0179_0179.jpg 1 204 122 179 179
0126_0029_0153_0312_0312.jpg 1 29 153 312 312
0127_0070_0205_0218_0218.jpg 1 70 205 218 218
0128_0143_0201_0139_0139.jpg 1 143 201 139 139
