0001_0075_0025_0314_0314.jpg 1 75 25 314 314
0002_0262_0042_0135_0135.jpg 1 262 42 135 135
0003_0436_0189_0153_0153.jpg 1 436 189 153 153
0004_0177_0037_0328_0328.jpg 1 177 37 328 328
0005_0154_0211_0286_0286.jpg 1 154 211 286 286
0006_0102_0185_0248_0248.jpg 1 102 185 248 248
0007_0432_0088_0059_0059.jpg 1 432 88 59 59
0008_0089_0101_0312_0312.jpg 1 89 101 312 312
0009_0211_0207_0217_0217.jpg 1 211 207 217 217
0010_0253_0146_0123_0123.jpg 1 253 146 123 123
0011_0090_0228_0035_0035.jpg 1 90 228 35 35
0012_0095_0072_0135_0135.jpg 1 95 72 135 135
0013_0265_0128_0297_0297.jpg 1 265 128 297 297
0014_0128_0467_0096_0096.jpg 1 128 467 96 96
0015_0047_0063_0324_0324.jpg 1 47 63 324 324
0016_0148_0318_0118_0118.jpg 1 148 318 118 118
0017_0234_0060_0308_0308.jpg 1 234 60 308 308
0018_0235_0150_0275_0275.jpg 1 235 150 275 275
0019_0093_0153_0233_0233.jpg 1 93 153 233 233
0020_0076_0072_0238_0238.jpg 1 76 72 238 238
0021_0377_0044_0169_0169.jpg 1 377 44 169 169
0022_0077_0266_0120_0120.jpg 1 77 266 120 120
0023_0095_0488_0061_0061.jpg 1 95 488 61 61
0024_0185_0169_0172_0172.jpg 1 185 169 172 172
0025_0130_0026_0225_0225.jpg 1 130 26 225 225
0026_0389_0227_0124_0124.jpg 1 389 227 124 124
0027_0229_0128_0131_0131.jpg 1 229 128 131 131
0028_0275_0097_0151_0151.jpg 1 275 97 151 151
0029_0185_0328_0077_0077.jpg 1 185 328 77 77
0030_0402_0250_0075_0075.jpg 1 402 250 75 75
0031_0110_0174_0028_0028.jpg 1 110 174 28 28
0032_0190_0118_0259_0259.jpg 1 190 118 259 259
0033_0190_0068_0246_0246.jpg 1 190 68 246 246
0034_0207_0133_0217_0217.jpg 1 207 133 217 217
0035_0090_0219_0180_0180.jpg 1 90 219 180 180
0036_0200_0085_0284_0284.jpg 1 200 85 284 284
0037_0228_0079_0315_0315.jpg 1 228 79 315 315
0038_0156_0323_0084_0084.jpg 1 156 323 84 84
0039_0242_0062_0142_0142.jpg 1 242 62 142 142
0040_0238_0187_0108_0108.jpg 1 238 187 108 108
0041_0260_0473_0081_0081.jpg 1 260 473 81 81
0042_0231_0277_0120_0120.jpg 1 231 277 120 120
0043_0290_0124_0292_0292.jpg 1 290 124 292 292
0044_0153_0159_0281_0281.jpg 1 153 159 281 281
0045_0264_0134_0325_0325.jpg 1 264 134 325 325
0046_0409_0095_0072_0072.jpg 1 409 95 72 72
0047_0146_0189_0121_0121.jpg 1 146 189 121 121
0048_0257_0154_0297_0297.jpg 1 257 154 297 297
0049_0155_0301_0060_0060.jpg 1 155 301 60 60
0050_0125_0186_0127_0127.jpg 1 125 186 127 127
0051_0245_0214_0114_0114.jpg 1 245 214 114 114
0052_0188_0215_0177_0177.jpg 1 188 215 177 177
0053_0430_0255_0161_0161.jpg 1 430 255 161 161
0054_0305_0314_0093_0093.jpg 1 305 314 93 93
0055_0092_0340_0100_0100.jpg 1 92 340 100 100
0056_0091_0347_0187_0187.jpg 1 91 347 187 187
0057_0194_0077_0024_0024.jpg 1 194 77 24 24
0058_0096_0358_0137_0137.jpg 1 96 358 137 137
0059_0054_0114_0303_0303.jpg 1 54 114 303 303
0060_0264_0074_0250_0250.jpg 1 264 74 250 250
0061_0148_0100_0283_0283.jpg 1 148 100 283 283
0062_0255_0054_0335_0335.jpg 1 255 54 335 335
0063_0155_0221_0126_0126.jpg 1 155 221 126 126
0064_0182_0166_0067_0067.jpg 1 182 166 67 67
0065_0078_0071_0239_0239.jpg 1 78 71 239 239
0066_0155_0291_0034_0034.jpg 1 155 291 34 34
0067_0088_0092_0329_0329.jpg 1 88 92 329 329
0068_0298_0111_0287_0287.jpg 1 298 111 287 287
0069_0040_0101_0240_0240.jpg 1 40 101 240 240
0070_0068_0052_0116_0116.jpg 1 68 52 116 116
0071_0100_0044_0149_0149.jpg 1 100 44 149 149
0072_0292_0067_0304_0304.jpg 1 292 67 304 304
0073_0243_0016_0330_0330.jpg 1 243 16 330 330
0074_0292_0371_0032_0032.jpg 1 292 371 32 32
0075_0138_0227_0180_0180.jpg 1 138 227 180 180
0076_0317_0241_0123_0123.jpg 1 317 241 123 123
0077_0249_0129_0239_0239.jpg 1 249 129 239 239
0078_0366_0205_0063_0063.jpg 1 366 205 63 63
0079_0100_0201_0171_0171.jpg 1 100 201 171 171
0080_0200_0068_0329_0329.jpg 1 200 68 329 329
0081_0267_0214_0226_0226.jpg 1 267 214 226 226
0082_0067_0128_0174_0174.jpg 1 67 128 174 174
0083_0301_0105_0223_0223.jpg 1 301 105 223 223
0084_0420_0333_0034_0034.jpg 1 420 333 34 34
0085_0174_0328_0061_0061.jpg 1 174 328 61 61
0086_0214_0278_0126_0126.jpg 1 214 278 126 126
0087_0180_0060_0232_0232.jpg 1 180 60 232 232
0088_0208_0412_0037_0037.jpg 1 208 412 37 37
0089_0332_0248_0065_0065.jpg 1 332 248 65 65
0090_0117_0149_0283_0283.jpg 1 117 149 283 283
0091_0158_0160_0107_0107.jpg 1 158 160 107 107
0092_0176_0232_0062_0062.jpg 1 176 232 62 62
0093_0533_0247_0031_0031.jpg 1 533 247 31 31
0094_0170_0111_0238_0238.jpg 1 170 111 238 238
0095_0048_0140_0224_0224.jpg 1 48 140 224 224
0096_0187_0205_0177_0177.jpg 1 187 205 177 177
0097_0264_0140_0315_0315.jpg 1 264 140 315 315
0098_0196_0261_0038_0038.jpg 1 196 261 38 38
0099_0381_0184_0027_0027.jpg 1 381 184 27 27
0100_0041_0294_0122_0122.jpg 1 41 294 122 122
0101_0171_0088_0306_0306.jpg 1 171 88 306 306
0102_0343_0169_0188_0188.jpg 1 343 169 188 188
0103_0314_0131_0261_0261.jpg 1 314 131 261 261
0104_0256_0116_0261_0261.jpg 1 256 116 261 261
0105_0243_0183_0260_0260.jpg 1 243 183 260 260
0106_0427_0217_0159_0159.jpg 1 427 217 159 159
0107_0295_0153_0221_0221.jpg 1 295 153 221 221
0108_0078_0180_0218_0218.jpg 1 78 180 218 218
0109_0230_0153_0039_0039.jpg 1 230 153 39 39
0110_0090_0068_0085_0085.jpg 1 90 68 85 85
0111_0223_0068_0223_0223.jpg 1 223 68 223 223
0112_0144_0253_0060_0060.jpg 1 144 253 60 60
0113_0227_0245_0078_0078.jpg 1 227 245 78 78
0114_0070_0200_0238_0238.jpg 1 70 200 238 238
0115_0173_0312_0083_0083.jpg 1 173 312 83 83
0116_0135_0132_0174_0174.jpg 1 135 132 174 174
0117_0179_0036_0287_0287.jpg 1 179 36 287 287
0118_0131_0198_0218_0218.jpg 1 131 198 218 218
0119_0096_0317_0080_0080.jpg 1 96 317 80 80
0120_0158_0047_0118_0118.jpg 1 158 47 118 118
0121_0230_0037_0223_0223.jpg 1 230 37 223 223
0122_0090_0259_0082_0082.jpg 1 90 259 82 82
0123_0061_0110_0257_0257.jpg 1 61 110 257 257
0124_0279_0397_0122_0122.jpg 1 279 397 122 122
0125_0129_0266_0142_0142.jpg 1 129 266 142 142
0126_0244_0046_0315_0315.jpg 1 244 46 315 315
0127_0020_0074_0330_0330.jpg 1 20 74 330 330
0128_0340_0207_0215_0215.jpg 1 340 207 215 215
