0001_0089_0050_0078_0078.jpg 1 89 50 78 78
0002_0148_0196_0185_0185.jpg 1 148 196 185 185
0003_0104_0226_0137_0137.jpg 1 104 226 137 137
0004_0236_0179_0147_0147.jpg 1 236 179 147 147
0005_0274_0346_0087_0087.jpg 1 274 346 87 87
0006_0222_0151_0233_0233.jpg 1 222 151 233 233
0007_0409_0101_0179_0179.jpg 1 409 101 179 179
0008_0320_0238_0211_0211.jpg 1 320 238 211 211
0009_0156_0356_0184_0184.jpg 1 156 356 184 184
0010_0245_0156_0300_0300.jpg 1 245 156 300 300
0011_0122_0081_0300_0300.jpg 1 122 81 300 300
0012_0353_0458_0033_0033.jpg 1 353 458 33 33
0013_0256_0207_0178_0178.jpg 1 256 207 178 178
0014_0116_0096_0269_0269.jpg 1 116 96 269 269
0015_0153_0262_0160_0160.jpg 1 153 262 160 160
0016_0100_0190_0299_0299.jpg 1 100 190 299 299
0017_0368_0296_0103_0103.jpg 1 368 296 103 103
0018_0307_0152_0045_0045.jpg 1 307 152 45 45
0019_0299_0135_0048_0048.jpg 1 299 135 48 48
0020_0126_0078_0333_0333.jpg 1 126 78 333 333
0021_0182_0227_0121_0121.jpg 1 182 227 121 121
0022_0381_0300_0098_0098.jpg 1 381 300 98 98
0023_0066_0094_0301_0301.jpg 1 66 94 301 301
0024_0384_0076_0158_0158.jpg 1 384 76 158 158
0025_0148_0208_0207_0207.jpg 1 148 208 207 207
0026_0076_0225_0067_0067.jpg 1 76 225 67 67
0027_0305_0267_0143_0143.jpg 1 305 267 143 143
0028_0283_0078_0052_0052.jpg 1 283 78 52 52
0029_0205_0130_0311_0311.jpg 1 205 130 311 311
0030_0377_0274_0053_0053.jpg 1 377 274 53 53
0031_0394_0124_0175_0175.jpg 1 394 124 175 175
0032_0226_0188_0260_0260.jpg 1 226 188 260 260
0033_0088_0041_0184_0184.jpg 1 88 41 184 184
0034_0282_0186_0273_0273.jpg 1 282 186 273 273
0035_0288_0144_0102_0102.jpg 1 288 144 102 102
0036_0132_0055_0313_0313.jpg 1 132 55 313 313
0037_0172_0125_0050_0050.jpg 1 172 125 50 50
0038_0074_0203_0312_0312.jpg 1 74 203 312 312
0039_0266_0097_0215_0215.jpg 1 266 97 215 215
0040_0278_0106_0116_0116.jpg 1 278 106 116 116
0041_0388_0165_0107_0107.jpg 1 388 165 107 107
0042_0261_0213_0140_0140.jpg 1 261 213 140 140
0043_0074_0091_0284_0284.jpg 1 74 91 284 284
0044_0342_0098_0044_0044.jpg 1 342 98 44 44
0045_0103_0085_0199_0199.jpg 1 103 85 199 199
0046_0191_0156_0112_0112.jpg 1 191 156 112 112
0047_0283_0033_0291_0291.jpg 1 283 33 291 291
0048_0078_0081_0086_0086.jpg 1 78 81 86 86
0049_0275_0100_0251_0251.jpg 1 275 100 251 251
0050_0310_0132_0247_0247.jpg 1 310 132 247 247
0051_0038_0258_0331_0331.jpg 1 38 258 331 331
0052_0283_0098_0117_0117.jpg 1 283 98 117 117
0053_0172_0034_0288_0288.jpg 1 172 34 288 288
0054_0068_0042_0126_0126.jpg 1 68 42 126 126
0055_0208_0234_0131_0131.jpg 1 208 234 131 131
0056_0449_0176_0025_0025.jpg 1 449 176 25 25
0057_0349_0384_0031_0031.jpg 1 349 384 31 31
0058_0235_0031_0281_0281.jpg 1 235 31 281 281
0059_0284_0048_0293_0293.jpg 1 284 48 293 293
0060_0198_0169_0233_0233.jpg 1 198 169 233 233
0061_0111_0143_0228_0228.jpg 1 111 143 228 228
0062_0274_0063_0269_0269.jpg 1 274 63 269 269
0063_0189_0178_0205_0205.jpg 1 189 178 205 205
0064_0135_0050_0281_0281.jpg 1 135 50 281 281
0065_0257_0233_0199_0199.jpg 1 257 233 199 199
0066_0351_0077_0163_0163.jpg 1 351 77 163 163
0067_0302_0173_0183_0183.jpg 1 302 173 183 183
0068_0058_0109_0313_0313.jpg 1 58 109 313 313
0069_0303_0120_0280_0280.jpg 1 303 120 280 280
0070_0087_0028_0265_0265.jpg 1 87 28 265 265
0071_0281_0141_0192_0192.jpg 1 281 141 192 192
0072_0388_0161_0079_0079.jpg 1 388 161 79 79
0073_0437_0298_0029_0029.jpg 1 437 298 29 29
0074_0179_0184_0269_0269.jpg 1 179 184 269 269
0075_0393_0231_0134_0134.jpg 1 393 231 134 134
0076_0131_0332_0040_0040.jpg 1 131 332 40 40
0077_0339_0225_0161_0161.jpg 1 339 225 161 161
0078_0238_0363_0202_0202.jpg 1 238 363 202 202
0079_0368_0164_0105_0105.jpg 1 368 164 105 105
0080_0131_0469_0074_0074.jpg 1 131 469 74 74
0081_0152_0083_0057_0057.jpg 1 152 83 57 57
0082_0150_0247_0117_0117.jpg 1 150 247 117 117
0083_0021_0051_0279_0279.jpg 1 21 51 279 279
0084_0283_0105_0068_0068.jpg 1 283 105 68 68
0085_0080_0429_0125_0125.jpg 1 80 429 125 125
0086_0247_0052_0260_0260.jpg 1 247 52 260 260
0087_0199_0098_0201_0201.jpg 1 199 98 201 201
0088_0211_0122_0267_0267.jpg 1 211 122 267 267
0089_0145_0457_0061_0061.jpg 1 145 457 61 61
0090_0345_0205_0066_0066.jpg 1 345 205 66 66
0091_0177_0221_0089_0089.jpg 1 177 221 89 89
0092_0237_0042_0152_0152.jpg 1 237 42 152 152
0093_0168_0068_0311_0311.jpg 1 168 68 311 311
0094_0347_0115_0094_0094.jpg 1 347 115 94 94
0095_0192_0173_0136_0136.jpg 1 192 173 136 136
0096_0383_0128_0027_0027.jpg 1 383 128 27 27
0097_0302_0200_0231_0231.jpg 1 302 200 231 231
0098_0399_0141_0089_0089.jpg 1 399 141 89 89
0099_0070_0095_0277_0277.jpg 1 70 95 277 277
0100_0081_0193_0260_0260.jpg 1 81 193 260 260
0101_0404_0080_0102_0102.jpg 1 404 80 102 102
0102_0171_0109_0333_0333.jpg 1 171 109 333 333
0103_0080_0203_0189_0189.jpg 1 80 203 189 189
0104_0292_0136_0295_0295.jpg 1 292 136 295 295
0105_0410_0128_0076_0076.jpg 1 410 128 76 76
0106_0277_0175_0035_0035.jpg 1 277 175 35 35
0107_0132_0026_0286_0286.jpg 1 132 26 286 286
0108_0084_0312_0187_0187.jpg 1 84 312 187 187
0109_0225_0030_0172_0172.jpg 1 225 30 172 172
0110_0078_0042_0255_0255.jpg 1 78 42 255 255
0111_0059_0278_0115_0115.jpg 1 59 278 115 115
0112_0213_0216_0043_0043.jpg 1 213 216 43 43
0113_0036_0120_0281_0281.jpg 1 36 120 281 281
0114_0079_0356_0192_0192.jpg 1 79 356 192 192
0115_0162_0217_0222_0222.jpg 1 162 217 222 222
0116_0441_0173_0039_0039.jpg 1 441 173 39 39
0117_0386_0256_0192_0192.jpg 1 386 256 192 192
0118_0491_0072_0083_0083.jpg 1 491 72 83 83
0119_0182_0122_0150_0150.jpg 1 182 122 150 150
0120_0265_0242_0108_0108.jpg 1 265 242 108 108
0121_0095_0162_0282_0282.jpg 1 95 162 282 282
0122_0087_0394_0137_0137.jpg 1 87 394 137 137
0123_0439_0297_0116_0116.jpg 1 439 297 116 116
0124_0198_0370_0068_0068.jpg 1 198 370 68 68
0125_0157_0177_0159_0159.jpg 1 157 177 159 159
0126_0180_0247_0162_0162.jpg 1 180 247 162 162
0127_0312_0344_0069_0069.jpg 1 312 344 69 69
0128_0511_0278_0038_0038.jpg 1 511 278 38 38
