0001_0170_0266_0127_0127.jpg 1 170 266 127 127
0002_0200_0275_0254_0254.jpg 1 200 275 254 254
0003_0037_0022_0276_0276.jpg 1 37 22 276 276
0004_0111_0038_0066_0066.jpg 1 111 38 66 66
0005_0268_0121_0149_0149.jpg 1 268 121 149 149
0006_0117_0065_0292_0292.jpg 1 117 65 292 292
0007_0373_0153_0130_0130.jpg 1 373 153 130 130
0008_0049_0182_0239_0239.jpg 1 49 182 239 239
0009_0043_0025_0330_0330.jpg 1 43 25 330 330
0010_0104_0245_0032_0032.jpg 1 104 245 32 32
0011_0150_0198_0037_0037.jpg 1 150 198 37 37
0012_0545_0363_0032_0032.jpg 1 545 363 32 32
0013_0389_0037_0171_0171.jpg 1 389 37 171 171
0014_0496_0349_0062_0062.jpg 1 496 349 62 62
0015_0282_0261_0120_0120.jpg 1 282 261 120 120
0016_0124_0199_0158_0158.jpg 1 124 199 158 158
0017_0149_0202_0151_0151.jpg 1 149 202 151 151
0018_0171_0145_0290_0290.jpg 1 171 145 290 290
0019_0327_0266_0027_0027.jpg 1 327 266 27 27
0020_0202_0079_0176_0176.jpg 1 202 79 176 176
0021_0082_0250_0292_0292.jpg 1 82 250 292 292
0022_0358_0238_0147_0147.jpg 1 358 238 147 147
0023_0390_0308_0044_0044.jpg 1 390 308 44 44
0024_0192_0195_0119_0119.jpg 1 192 195 119 119
0025_0095_0297_0093_0093.jpg 1 95 297 93 93
0026_0091_0169_0315_0315.jpg 1 91 169 315 315
0027_0394_0247_0173_0173.jpg 1 394 247 173 173
0028_0058_0047_0096_0096.jpg 1 58 47 96 96
0029_0125_0253_0180_0180.jpg 1 125 253 180 180
0030_0079_0053_0332_0332.jpg 1 79 53 332 332
0031_0068_0119_0315_0315.jpg 1 68 119 315 315
0032_0258_0169_0237_0237.jpg 1 258 169 237 237
0033_0300_0061_0249_0249.jpg 1 300 61 249 249
0034_0035_0148_0292_0292.jpg 1 35 148 292 292
0035_0081_0300_0060_0060.jpg 1 81 300 60 60
0036_0035_0082_0332_0332.jpg 1 35 82 332 332
0037_0074_0279_0139_0139.jpg 1 74 279 139 139
0038_0221_0104_0083_0083.jpg 1 221 104 83 83
0039_0103_0122_0166_0166.jpg 1 103 122 166 166
0040_0444_0285_0072_0072.jpg 1 444 285 72 72
0041_0085_0115_0161_0161.jpg 1 85 115 161 161
0042_0185_0092_0268_0268.jpg 1 185 92 268 268
0043_0466_0221_0025_0025.jpg 1 466 221 25 25
0044_0227_0208_0114_0114.jpg 1 227 208 114 114
0045_0225_0142_0307_0307.jpg 1 225 142 307 307
0046_0066_0330_0056_0056.jpg 1 66 330 56 56
0047_0101_0052_0205_0205.jpg 1 101 52 205 205
0048_0255_0095_0213_0213.jpg 1 255 95 213 213
0049_0143_0095_0316_0316.jpg 1 143 95 316 316
0050_0060_0309_0059_0059.jpg 1 60 309 59 59
0051_0230_0071_0228_0228.jpg 1 230 71 228 228
0052_0370_0257_0129_0129.jpg 1 370 257 129 129
0053_0366_0041_0112_0112.jpg 1 366 41 112 112
0054_0313_0342_0048_0048.jpg 1 313 342 48 48
0055_0225_0068_0282_0282.jpg 1 225 68 282 282
0056_0373_0184_0095_0095.jpg 1 373 184 95 95
0057_0378_0083_0208_0208.jpg 1 378 83 208 208
0058_0038_0134_0284_0284.jpg 1 38 134 284 284
0059_0195_0271_0108_0108.jpg 1 195 271 108 108
0060_0136_0053_0200_0200.jpg 1 136 53 200 200
0061_0066_0166_0290_0290.jpg 1 66 166 290 290
0062_0424_0270_0066_0066.jpg 1 424 270 66 66
0063_0191_0336_0031_0031.jpg 1 191 336 31 31
0064_0110_0111_0335_0335.jpg 1 110 111 335 335
0065_0030_0184_0243_0243.jpg 1 30 184 243 243
0066_0122_0193_0331_0331.jpg 1 122 193 331 331
0067_0249_0081_0239_0239.jpg 1 249 81 239 239
0068_0197_0042_0135_0135.jpg 1 197 42 135 135
0069_0180_0138_0277_0277.jpg 1 180 138 277 277
0070_0117_0185_0094_0094.jpg 1 117 185 94 94
0071_0135_0063_0327_0327.jpg 1 135 63 327 327
0072_0045_0125_0229_0229.jpg 1 45 125 229 229
0073_0203_0074_0295_0295.jpg 1 203 74 295 295
0074_0131_0370_0051_0051.jpg 1 131 370 51 51
0075_0303_0056_0168_0168.jpg 1 303 56 168 168
0076_0282_0151_0098_0098.jpg 1 282 151 98 98
0077_0488_0070_0029_0029.jpg 1 488 70 29 29
0078_0113_0101_0278_0278.jpg 1 113 101 278 278
0079_0171_0117_0174_0174.jpg 1 171 117 174 174
0080_0147_0240_0193_0193.jpg 1 147 240 193 193
0081_0324_0277_0122_0122.jpg 1 324 277 122 122
0082_0252_0021_0325_0325.jpg 1 252 21 325 325
0083_0240_0050_0166_0166.jpg 1 240 50 166 166
0084_0394_0092_0096_0096.jpg 1 394 92 96 96
0085_0282_0495_0084_0084.jpg 1 282 495 84 84
0086_0268_0113_0145_0145.jpg 1 268 113 145 145
0087_0132_0192_0139_0139.jpg 1 132 192 139 139
0088_0070_0051_0247_0247.jpg 1 70 51 247 247
0089_0275_0116_0216_0216.jpg 1 275 116 216 216
0090_0066_0085_0247_0247.jpg 1 66 85 247 247
0091_0488_0367_0063_0063.jpg 1 488 367 63 63
0092_0284_0095_0127_0127.jpg 1 284 95 127 127
0093_0373_0251_0027_0027.jpg 1 373 251 27 27
0094_0277_0034_0234_0234.jpg 1 277 34 234 234
0095_0243_0072_0204_0204.jpg 1 243 72 204 204
0096_0217_0177_0205_0205.jpg 1 217 177 205 205
0097_0348_0239_0107_0107.jpg 1 348 239 107 107
0098_0120_0201_0238_0238.jpg 1 120 201 238 238
0099_0226_0102_0203_0203.jpg 1 226 102 203 203
0100_0314_0187_0152_0152.jpg 1 314 187 152 152
0101_0045_0130_0232_0232.jpg 1 45 130 232 232
0102_0250_0341_0045_0045.jpg 1 250 341 45 45
0103_0198_0056_0264_0264.jpg 1 198 56 264 264
0104_0042_0171_0329_0329.jpg 1 42 171 329 329
0105_0083_0304_0082_0082.jpg 1 83 304 82 82
0106_0226_0313_0100_0100.jpg 1 226 313 100 100
0107_0067_0191_0218_0218.jpg 1 67 191 218 218
0108_0311_0194_0129_0129.jpg 1 311 194 129 129
0109_0172_0041_0243_0243.jpg 1 172 41 243 243
0110_0123_0153_0087_0087.jpg 1 123 153 87 87
0111_0084_0142_0277_0277.jpg 1 84 142 277 277
0112_0229_0049_0292_0292.jpg 1 229 49 292 292
0113_0070_0040_0159_0159.jpg 1 70 40 159 159
0114_0072_0062_0172_0172.jpg 1 72 62 172 172
0115_0130_0046_0302_0302.jpg 1 130 46 302 302
0116_0111_0205_0132_0132.jpg 1 111 205 132 132
0117_0045_0344_0172_0172.jpg 1 45 344 172 172
0118_0284_0079_0099_0099.jpg 1 284 79 99 99
0119_0059_0069_0185_0185.jpg 1 59 69 185 185
0120_0264_0096_0203_0203.jpg 1 264 96 203 203
0121_0082_0322_0056_0056.jpg 1 82 322 56 56
0122_0362_0144_0154_0154.jpg 1 362 144 154 154
0123_0365_0061_0082_0082.jpg 1 365 61 82 82
0124_0094_0130_0309_0309.jpg 1 94 130 309 309
0125_0151_0153_0085_0085.jpg 1 151 153 85 85
0126_0103_0066_0292_0292.jpg 1 103 66 292 292
0127_0150_0232_0088_0088.jpg 1 150 232 88 88
0128_0229_0350_0078_0078.jpg 1 229 350 78 78
