0001_0249_0147_0302_0302.jpg 1 249 147 302 302
0002_0136_0020_0331_0331.jpg 1 136 20 331 331
0003_0209_0211_0236_0236.jpg 1 209 211 236 236
0004_0332_0230_0050_0050.jpg 1 332 230 50 50
0005_0123_0206_0223_0223.jpg 1 123 206 223 223
0006_0207_0237_0088_0088.jpg 1 207 237 88 88
0007_0250_0113_0179_0179.jpg 1 250 113 179 179
0008_0112_0146_0298_0298.jpg 1 112 146 298 298
0009_0424_0298_0119_0119.jpg 1 424 298 119 119
0010_0116_0150_0187_0187.jpg 1 116 150 187 187
0011_0236_0098_0329_0329.jpg 1 236 98 329 329
0012_0467_0052_0074_0074.jpg 1 467 52 74 74
0013_0134_0154_0281_0281.jpg 1 134 154 281 281
0014_0147_0081_0152_0152.jpg 1 147 81 152 152
0015_0045_0155_0179_0179.jpg 1 45 155 179 179
0016_0129_0050_0057_0057.jpg 1 129 50 57 57
0017_0298_0128_0271_0271.jpg 1 298 128 271 271
0018_0158_0101_0217_0217.jpg 1 158 101 217 217
0019_0150_0286_0291_0291.jpg 1 150 286 291 291
0020_0158_0293_0145_0145.jpg 1 158 293 145 145
0021_0416_0328_0111_0111.jpg 1 416 328 111 111
0022_0073_0136_0284_0284.jpg 1 73 136 284 284
0023_0250_0074_0115_0115.jpg 1 250 74 115 115
0024_0151_0243_0091_0091.jpg 1 151 243 91 91
0025_0093_0129_0116_0116.jpg 1 93 129 116 116
0026_0093_0381_0036_0036.jpg 1 93 381 36 36
0027_0093_0132_0160_0160.jpg 1 93 132 160 160
0028_0279_0157_0218_0218.jpg 1 279 157 218 218
0029_0118_0238_0041_0041.jpg 1 118 238 41 41
0030_0134_0326_0102_0102.jpg 1 134 326 102 102
0031_0154_0097_0078_0078.jpg 1 154 97 78 78
0032_0227_0114_0334_0334.jpg 1 227 114 334 334
0033_0152_0164_0306_0306.jpg 1 152 164 306 306
0034_0384_0035_0148_0148.jpg 1 384 35 148 148
0035_0164_0036_0297_0297.jpg 1 164 36 297 297
0036_0114_0154_0256_0256.jpg 1 114 154 256 256
0037_0053_0214_0242_0242.jpg 1 53 214 242 242
0038_0108_0152_0235_0235.jpg 1 108 152 235 235
0039_0290_0405_0062_0062.jpg 1 290 405 62 62
0040_0158_0287_0115_0115.jpg 1 158 287 115 115
0041_0231_0116_0181_0181.jpg 1 231 116 181 181
0042_0252_0035_0315_0315.jpg 1 252 35 315 315
0043_0221_0139_0205_0205.jpg 1 221 139 205 205
0044_0103_0092_0147_0147.jpg 1 103 92 147 147
0045_0225_0044_0245_0245.jpg 1 225 44 245 245
0046_0098_0110_0297_0297.jpg 1 98 110 297 297
0047_0164_0078_0098_0098.jpg 1 164 78 98 98
0048_0111_0140_0261_0261.jpg 1 111 140 261 261
0049_0183_0210_0244_0244.jpg 1 183 210 244 244
0050_0213_0284_0085_0085.jpg 1 213 284 85 85
0051_0064_0057_0139_0139.jpg 1 64 57 139 139
0052_0075_0328_0112_0112.jpg 1 75 328 112 112
0053_0189_0076_0060_0060.jpg 1 189 76 60 60
0054_0128_0168_0222_0222.jpg 1 128 168 222 222
0055_0139_0145_0193_0193.jpg 1 139 145 193 193
0056_0191_0262_0140_0140.jpg 1 191 262 140 140
0057_0406_0280_0158_0158.jpg 1 406 280 158 158
0058_0211_0293_0052_0052.jpg 1 211 293 52 52
0059_0145_0044_0134_0134.jpg 1 145 44 134 134
0060_0160_0156_0273_0273.jpg 1 160 156 273 273
0061_0275_0165_0231_0231.jpg 1 275 165 231 231
0062_0218_0066_0235_0235.jpg 1 218 66 235 235
0063_0073_0357_0143_0143.jpg 1 73 357 143 143
0064_0120_0245_0191_0191.jpg 1 120 245 191 191
0065_0140_0156_0069_0069.jpg 1 140 156 69 69
0066_0158_0033_0166_0166.jpg 1 158 33 166 166
0067_0111_0169_0047_0047.jpg 1 111 169 47 47
0068_0295_0332_0035_0035.jpg 1 295 332 35 35
0069_0263_0116_0273_0273.jpg 1 263 116 273 273
0070_0243_0200_0257_0257.jpg 1 243 200 257 257
0071_0133_0133_0143_0143.jpg 1 133 133 143 143
0072_0305_0111_0280_0280.jpg 1 305 111 280 280
0073_0272_0075_0073_0073.jpg 1 272 75 73 73
0074_0175_0077_0098_0098.jpg 1 175 77 98 98
0075_0103_0456_0105_0105.jpg 1 103 456 105 105
0076_0079_0495_0064_0064.jpg 1 79 495 64 64
0077_0089_0166_0097_0097.jpg 1 89 166 97 97
0078_0257_0117_0201_0201.jpg 1 257 117 201 201
0079_0187_0246_0129_0129.jpg 1 187 246 129 129
0080_0193_0167_0072_0072.jpg 1 193 167 72 72
0081_0043_0055_0224_0224.jpg 1 43 55 224 224
0082_0395_0240_0199_0199.jpg 1 395 240 199 199
0083_0133_0438_0120_0120.jpg 1 133 438 120 120
0084_0294_0150_0256_0256.jpg 1 294 150 256 256
0085_0264_0244_0181_0181.jpg 1 264 244 181 181
0086_0137_0072_0293_0293.jpg 1 137 72 293 293
0087_0329_0116_0049_0049.jpg 1 329 116 49 49
0088_0196_0227_0242_0242.jpg 1 196 227 242 242
0089_0390_0171_0036_0036.jpg 1 390 171 36 36
0090_0112_0224_0130_0130.jpg 1 112 224 130 130
0091_0235_0156_0187_0187.jpg 1 235 156 187 187
0092_0387_0366_0062_0062.jpg 1 387 366 62 62
0093_0206_0074_0258_0258.jpg 1 206 74 258 258
0094_0226_0073_0219_0219.jpg 1 226 73 219 219
0095_0375_0250_0188_0188.jpg 1 375 250 188 188
0096_0111_0066_0049_0049.jpg 1 111 66 49 49
0097_0179_0088_0146_0146.jpg 1 179 88 146 146
0098_0438_0305_0133_0133.jpg 1 438 305 133 133
0099_0141_0033_0335_0335.jpg 1 141 33 335 335
0100_0274_0246_0062_0062.jpg 1 274 246 62 62
0101_0168_0022_0267_0267.jpg 1 168 22 267 267
0102_0099_0042_0270_0270.jpg 1 99 42 270 270
0103_0153_0134_0139_0139.jpg 1 153 134 139 139
0104_0227_0178_0183_0183.jpg 1 227 178 183 183
0105_0124_0166_0261_0261.jpg 1 124 166 261 261
0106_0060_0055_0332_0332.jpg 1 60 55 332 332
0107_0169_0113_0103_0103.jpg 1 169 113 103 103
0108_0155_0067_0054_0054.jpg 1 155 67 54 54
0109_0115_0198_0228_0228.jpg 1 115 198 228 228
0110_0074_0032_0311_0311.jpg 1 74 32 311 311
0111_0299_0143_0297_0297.jpg 1 299 143 297 297
0112_0148_0317_0242_0242.jpg 1 148 317 242 242
0113_0052_0039_0331_0331.jpg 1 52 39 331 331
0114_0253_0142_0257_0257.jpg 1 253 142 257 257
0115_0332_0241_0194_0194.jpg 1 332 241 194 194
0116_0181_0382_0045_0045.jpg 1 181 382 45 45
0117_0262_0288_0079_0079.jpg 1 262 288 79 79
0118_0131_0288_0143_0143.jpg 1 131 288 143 143
0119_0320_0120_0199_0199.jpg 1 320 120 199 199
0120_0322_0126_0038_0038.jpg 1 322 126 38 38
0121_0077_0144_0291_0291.jpg 1 77 144 291 291
0122_0051_0160_0286_0286.jpg 1 51 160 286 286
0123_0083_0132_0266_0266.jpg 1 83 132 266 266
0124_0146_0149_0180_0180.jpg 1 146 149 180 180
0125_0258_0136_0122_0122.jpg 1 258 136 122 122
0126_0175_0188_0201_0201.jpg 1 175 188 201 201
0127_0066_0102_0308_0308.jpg 1 66 102 308 308
0128_0102_0341_0069_0069.jpg 1 102 341 69 69
