0001_0065_0290_0038_0038.jpg 1 65 290 38 38
0002_0327_0195_0241_0241.jpg 1 327 195 241 241
0003_0170_0188_0213_0213.jpg 1 170 188 213 213
0004_0482_0160_0066_0066.jpg 1 482 160 66 66
0005_0256_0140_0264_0264.jpg 1 256 140 264 264
0006_0152_0330_0268_0268.jpg 1 152 330 268 268
0007_0338_0135_0224_0224.jpg 1 338 135 224 224
0008_0222_0246_0206_0206.jpg 1 222 246 206 206
0009_0160_0098_0169_0169.jpg 1 160 98 169 169
0010_0206_0113_0286_0286.jpg 1 206 113 286 286
0011_0075_0199_0326_0326.jpg 1 75 199 326 326
0012_0219_0059_0297_0297.jpg 1 219 59 297 297
0013_0050_0063_0171_0171.jpg 1 50 63 171 171
0014_0196_0121_0115_0115.jpg 1 196 121 115 115
0015_0183_0411_0066_0066.jpg 1 183 411 66 66
0016_0075_0042_0314_0314.jpg 1 75 42 314 314
0017_0056_0255_0111_0111.jpg 1 56 255 111 111
0018_0054_0156_0144_0144.jpg 1 54 156 144 144
0019_0132_0208_0103_0103.jpg 1 132 208 103 103
0020_0271_0263_0179_0179.jpg 1 271 263 179 179
0021_0159_0078_0120_0120.jpg 1 159 78 120 120
0022_0055_0339_0075_0075.jpg 1 55 339 75 75
0023_0278_0254_0175_0175.jpg 1 278 254 175 175
0024_0157_0379_0111_0111.jpg 1 157 379 111 111
0025_0155_0033_0288_0288.jpg 1 155 33 288 288
0026_0146_0198_0219_0219.jpg 1 146 198 219 219
0027_0194_0404_0094_0094.jpg 1 194 404 94 94
0028_0203_0066_0323_0323.jpg 1 203 66 323 323
0029_0061_0128_0335_0335.jpg 1 61 128 335 335
0030_0150_0360_0239_0239.jpg 1 150 360 239 239
0031_0072_0100_0226_0226.jpg 1 72 100 226 226
0032_0352_0243_0140_0140.jpg 1 352 243 140 140
0033_0142_0141_0099_0099.jpg 1 142 141 99 99
0034_0211_0075_0241_0241.jpg 1 211 75 241 241
0035_0314_0193_0191_0191.jpg 1 314 193 191 191
0036_0299_0259_0173_0173.jpg 1 299 259 173 173
0037_0045_0051_0299_0299.jpg 1 45 51 299 299
0038_0239_0061_0201_0201.jpg 1 239 61 201 201
0039_0219_0162_0040_0040.jpg 1 219 162 40 40
0040_0295_0224_0149_0149.jpg 1 295 224 149 149
0041_0054_0131_0111_0111.jpg 1 54 131 111 111
0042_0149_0108_0330_0330.jpg 1 149 108 330 330
0043_0257_0091_0095_0095.jpg 1 257 91 95 95
0044_0210_0186_0141_0141.jpg 1 210 186 141 141
0045_0232_0086_0189_0189.jpg 1 232 86 189 189
0046_0100_0133_0314_0314.jpg 1 100 133 314 314
0047_0155_0042_0203_0203.jpg 1 155 42 203 203
0048_0223_0367_0089_0089.jpg 1 223 367 89 89
0049_0092_0111_0193_0193.jpg 1 92 111 193 193
0050_0305_0189_0262_0262.jpg 1 305 189 262 262
0051_0346_0197_0159_0159.jpg 1 346 197 159 159
0052_0083_0269_0030_0030.jpg 1 83 269 30 30
0053_0338_0075_0134_0134.jpg 1 338 75 134 134
0054_0351_0232_0028_0028.jpg 1 351 232 28 28
0055_0100_0216_0139_0139.jpg 1 100 216 139 139
0056_0067_0141_0302_0302.jpg 1 67 141 302 302
0057_0092_0107_0075_0075.jpg 1 92 107 75 75
0058_0201_0380_0168_0168.jpg 1 201 380 168 168
0059_0237_0018_0317_0317.jpg 1 237 18 317 317
0060_0071_0271_0246_0246.jpg 1 71 271 246 246
0061_0421_0105_0138_0138.jpg 1 421 105 138 138
0062_0210_0428_0145_0145.jpg 1 210 428 145 145
0063_0272_0362_0089_0089.jpg 1 272 362 89 89
0064_0043_0320_0110_0110.jpg 1 43 320 110 110
0065_0339_0112_0243_0243.jpg 1 339 112 243 243
0066_0396_0142_0148_0148.jpg 1 396 142 148 148
0067_0382_0247_0201_0201.jpg 1 382 247 201 201
0068_0505_0079_0062_0062.jpg 1 505 79 62 62
0069_0150_0018_0117_0117.jpg 1 150 18 117 117
0070_0093_0330_0270_0270.jpg 1 93 330 270 270
0071_0190_0206_0031_0031.jpg 1 190 206 31 31
0072_0272_0023_0317_0317.jpg 1 272 23 317 317
0073_0288_0044_0243_0243.jpg 1 288 44 243 243
0074_0049_0078_0108_0108.jpg 1 49 78 108 108
0075_0119_0100_0049_0049.jpg 1 119 100 49 49
0076_0288_0057_0125_0125.jpg 1 288 57 125 125
0077_0143_0141_0219_0219.jpg 1 143 141 219 219
0078_0285_0194_0101_0101.jpg 1 285 194 101 101
0079_0057_0126_0239_0239.jpg 1 57 126 239 239
0080_0273_0179_0218_0218.jpg 1 273 179 218 218
0081_0077_0193_0262_0262.jpg 1 77 193 262 262
0082_0249_0070_0187_0187.jpg 1 249 70 187 187
0083_0170_0030_0273_0273.jpg 1 170 30 273 273
0084_0284_0093_0147_0147.jpg 1 284 93 147 147
0085_0335_0117_0199_0199.jpg 1 335 117 199 199
0086_0122_0107_0247_0247.jpg 1 122 107 247 247
0087_0080_0149_0110_0110.jpg 1 80 149 110 110
0088_0323_0205_0055_0055.jpg 1 323 205 55 55
0089_0237_0059_0275_0275.jpg 1 237 59 275 275
0090_0319_0213_0179_0179.jpg 1 319 213 179 179
0091_0401_0133_0074_0074.jpg 1 401 133 74 74
0092_0036_0166_0202_0202.jpg 1 36 166 202 202
0093_0040_0175_0284_0284.jpg 1 40 175 284 284
0094_0172_0098_0284_0284.jpg 1 172 98 284 284
0095_0087_0062_0226_0226.jpg 1 87 62 226 226
0096_0250_0079_0227_0227.jpg 1 250 79 227 227
0097_0116_0374_0149_0149.jpg 1 116 374 149 149
0098_0118_0190_0162_0162.jpg 1 118 190 162 162
0099_0253_0220_0155_0155.jpg 1 253 220 155 155
0100_0085_0252_0308_0308.jpg 1 85 252 308 308
0101_0295_0071_0298_0298.jpg 1 295 71 298 298
0102_0156_0203_0240_0240.jpg 1 156 203 240 240
0103_0364_0041_0098_0098.jpg 1 364 41 98 98
0104_0162_0161_0260_0260.jpg 1 162 161 260 260
0105_0149_0037_0276_0276.jpg 1 149 37 276 276
0106_0163_0066_0256_0256.jpg 1 163 66 256 256
0107_0118_0268_0051_0051.jpg 1 118 268 51 51
0108_0325_0110_0247_0247.jpg 1 325 110 247 247
0109_0392_0211_0164_0164.jpg 1 392 211 164 164
0110_0231_0067_0330_0330.jpg 1 231 67 330 330
0111_0324_0220_0110_0110.jpg 1 324 220 110 110
0112_0370_0283_0066_0066.jpg 1 370 283 66 66
0113_0089_0301_0085_0085.jpg 1 89 301 85 85
0114_0293_0189_0091_0091.jpg 1 293 189 91 91
0115_0310_0092_0116_0116.jpg 1 310 92 116 116
0116_0331_0379_0111_0111.jpg 1 331 379 111 111
0117_0253_0058_0159_0159.jpg 1 253 58 159 159
0118_0152_0340_0030_0030.jpg 1 152 340 30 30
0119_0105_0095_0043_0043.jpg 1 105 95 43 43
0120_0287_0033_0201_0201.jpg 1 287 33 201 201
0121_0042_0112_0302_0302.jpg 1 42 112 302 302
0122_0499_0215_0061_0061.jpg 1 499 215 61 61
0123_0246_0146_0063_0063.jpg 1 246 146 63 63
0124_0054_0089_0335_0335.jpg 1 54 89 335 335
0125_0034_0254_0276_0276.jpg 1 34 254 276 276
0126_0216_0071_0130_0130.jpg 1 216 71 130 130
0127_0175_0108_0091_0091.jpg 1 175 108 91 91
0128_0217_0158_0158_0158.jpg 1 217 158 158 158
