0001_0374_0189_0084_0084.jpg 1 374 189 84 84
0002_0191_0093_0147_0147.jpg 1 191 93 147 147
0003_0195_0053_0183_0183.jpg 1 195 53 183 183
0004_0157_0240_0067_0067.jpg 1 157 240 67 67
0005_0069_0198_0118_0118.jpg 1 69 198 118 118
0006_0211_0084_0064_0064.jpg 1 211 84 64 64
0007_0252_0291_0113_0113.jpg 1 252 291 113 113
0008_0117_0288_0100_0100.jpg 1 117 288 100 100
0009_0162_0217_0187_0187.jpg 1 162 217 187 187
0010_0351_0047_0207_0207.jpg 1 351 47 207 207
0011_0153_0144_0258_0258.jpg 1 153 144 258 258
0012_0485_0242_0030_0030.jpg 1 485 242 30 30
0013_0148_0179_0045_0045.jpg 1 148 179 45 45
0014_0111_0212_0271_0271.jpg 1 111 212 271 271
0015_0196_0028_0326_0326.jpg 1 196 28 326 326
0016_0098_0170_0220_0220.jpg 1 98 170 220 220
0017_0105_0039_0228_0228.jpg 1 105 39 228 228
0018_0267_0188_0123_0123.jpg 1 267 188 123 123
0019_0094_0209_0086_0086.jpg 1 94 209 86 86
0020_0127_0151_0255_0255.jpg 1 127 151 255 255
0021_0061_0073_0134_0134.jpg 1 61 73 134 134
0022_0490_0117_0071_0071.jpg 1 490 117 71 71
0023_0183_0061_0291_0291.jpg 1 183 61 291 291
0024_0160_0365_0030_0030.jpg 1 160 365 30 30
0025_0139_0049_0218_0218.jpg 1 139 49 218 218
0026_0114_0260_0114_0114.jpg 1 114 260 114 114
0027_0261_0038_0138_0138.jpg 1 261 38 138 138
0028_0394_0234_0189_0189.jpg 1 394 234 189 189
0029_0068_0252_0269_0269.jpg 1 68 252 269 269
0030_0210_0097_0197_0197.jpg 1 210 97 197 197
0031_0115_0074_0164_0164.jpg 1 115 74 164 164
0032_0174_0139_0235_0235.jpg 1 174 139 235 235
0033_0242_0024_0260_0260.jpg 1 242 24 260 260
0034_0061_0168_0141_0141.jpg 1 61 168 141 141
0035_0226_0093_0134_0134.jpg 1 226 93 134 134
0036_0234_0254_0065_0065.jpg 1 234 254 65 65
0037_0259_0143_0305_0305.jpg 1 259 143 305 305
0038_0190_0187_0245_0245.jpg 1 190 187 245 245
0039_0074_0182_0062_0062.jpg 1 74 182 62 62
0040_0034_0090_0260_0260.jpg 1 34 90 260 260
0041_0341_0037_0250_0250.jpg 1 341 37 250 250
0042_0281_0082_0233_0233.jpg 1 281 82 233 233
0043_0250_0177_0188_0188.jpg 1 250 177 188 188
0044_0085_0118_0269_0269.jpg 1 85 118 269 269
0045_0212_0109_0211_0211.jpg 1 212 109 211 211
0046_0061_0064_0335_0335.jpg 1 61 64 335 335
0047_0181_0271_0037_0037.jpg 1 181 271 37 37
0048_0076_0165_0245_0245.jpg 1 76 165 245 245
0049_0182_0076_0288_0288.jpg 1 182 76 288 288
0050_0493_0394_0026_0026.jpg 1 493 394 26 26
0051_0129_0155_0190_0190.jpg 1 129 155 190 190
0052_0049_0060_0295_0295.jpg 1 49 60 295 295
0053_0341_0287_0077_0077.jpg 1 341 287 77 77
0054_0224_0068_0220_0220.jpg 1 224 68 220 220
0055_0409_0107_0157_0157.jpg 1 409 107 157 157
0056_0060_0279_0145_0145.jpg 1 60 279 145 145
0057_0127_0270_0326_0326.jpg 1 127 270 326 326
0058_0132_0129_0299_0299.jpg 1 132 129 299 299
0059_0276_0044_0185_0185.jpg 1 276 44 185 185
0060_0136_0052_0262_0262.jpg 1 136 52 262 262
0061_0270_0366_0159_0159.jpg 1 270 366 159 159
0062_0140_0084_0264_0264.jpg 1 140 84 264 264
0063_0324_0187_0243_0243.jpg 1 324 187 243 243
0064_0097_0116_0261_0261.jpg 1 97 116 261 261
0065_0480_0108_0067_0067.jpg 1 480 108 67 67
0066_0334_0059_0150_0150.jpg 1 334 59 150 150
0067_0161_0430_0128_0128.jpg 1 161 430 128 128
0068_0084_0371_0208_0208.jpg 1 84 371 208 208
0069_0367_0203_0137_0137.jpg 1 367 203 137 137
0070_0409_0074_0052_0052.jpg 1 409 74 52 52
0071_0144_0082_0259_0259.jpg 1 144 82 259 259
0072_0116_0279_0230_0230.jpg 1 116 279 230 230
0073_0120_0154_0049_0049.jpg 1 120 154 49 49
0074_0391_0083_0167_0167.jpg 1 391 83 167 167
0075_0061_0159_0198_0198.jpg 1 61 159 198 198
0076_0276_0135_0148_0148.jpg 1 276 135 148 148
0077_0079_0200_0099_0099.jpg 1 79 200 99 99
0078_0439_0275_0060_0060.jpg 1 439 275 60 60
0079_0112_0123_0326_0326.jpg 1 112 123 326 326
0080_0414_0069_0084_0084.jpg 1 414 69 84 84
0081_0233_0140_0283_0283.jpg 1 233 140 283 283
0082_0141_0168_0216_0216.jpg 1 141 168 216 216
0083_0441_0206_0050_0050.jpg 1 441 206 50 50
0084_0053_0052_0107_0107.jpg 1 53 52 107 107
0085_0163_0090_0190_0190.jpg 1 163 90 190 190
0086_0230_0285_0161_0161.jpg 1 230 285 161 161
0087_0300_0265_0110_0110.jpg 1 300 265 110 110
0088_0154_0322_0037_0037.jpg 1 154 322 37 37
0089_0270_0027_0303_0303.jpg 1 270 27 303 303
0090_0227_0208_0240_0240.jpg 1 227 208 240 240
0091_0248_0167_0194_0194.jpg 1 248 167 194 194
0092_0382_0260_0163_0163.jpg 1 382 260 163 163
0093_0379_0137_0155_0155.jpg 1 379 137 155 155
0094_0295_0224_0180_0180.jpg 1 295 224 180 180
0095_0040_0276_0262_0262.jpg 1 40 276 262 262
0096_0071_0368_0182_0182.jpg 1 71 368 182 182
0097_0229_0157_0198_0198.jpg 1 229 157 198 198
0098_0177_0121_0326_0326.jpg 1 177 121 326 326
0099_0168_0230_0043_0043.jpg 1 168 230 43 43
0100_0048_0232_0218_0218.jpg 1 48 232 218 218
0101_0441_0317_0048_0048.jpg 1 441 317 48 48
0102_0210_0157_0240_0240.jpg 1 210 157 240 240
0103_0171_0154_0126_0126.jpg 1 171 154 126 126
0104_0118_0217_0045_0045.jpg 1 118 217 45 45
0105_0351_0122_0102_0102.jpg 1 351 122 102 102
0106_0288_0074_0034_0034.jpg 1 288 74 34 34
0107_0124_0122_0160_0160.jpg 1 124 122 160 160
0108_0072_0134_0301_0301.jpg 1 72 134 301 301
0109_0033_0094_0257_0257.jpg 1 33 94 257 257
0110_0141_0203_0271_0271.jpg 1 141 203 271 271
0111_0097_0128_0328_0328.jpg 1 97 128 328 328
0112_0246_0325_0060_0060.jpg 1 246 325 60 60
0113_0239_0036_0121_0121.jpg 1 239 36 121 121
0114_0176_0239_0160_0160.jpg 1 176 239 160 160
0115_0068_0308_0290_0290.jpg 1 68 308 290 290
0116_0055_0173_0118_0118.jpg 1 55 173 118 118
0117_0134_0253_0262_0262.jpg 1 134 253 262 262
0118_0295_0245_0091_0091.jpg 1 295 245 91 91
0119_0276_0062_0283_0283.jpg 1 276 62 283 283
0120_0130_0128_0276_0276.jpg 1 130 128 276 276
0121_0165_0289_0079_0079.jpg 1 165 289 79 79
0122_0258_0180_0181_0181.jpg 1 258 180 181 181
0123_0307_0333_0063_0063.jpg 1 307 333 63 63
0124_0331_0173_0106_0106.jpg 1 331 173 106 106
0125_0270_0086_0216_0216.jpg 1 270 86 216 216
0126_0086_0043_0290_0290.jpg 1 86 43 290 290
0127_0146_0163_0239_0239.jpg 1 146 163 239 239
0128_0176_0081_0286_0286.jpg 1 176 81 286 286
