0001_0155_0134_0288_0288.jpg 1 155 134 288 288
0002_0444_0234_0056_0056.jpg 1 444 234 56 56
0003_0062_0239_0158_0158.jpg 1 62 239 158 158
0004_0301_0326_0076_0076.jpg 1 301 326 76 76
0005_0183_0087_0145_0145.jpg 1 183 87 145 145
0006_0166_0089_0213_0213.jpg 1 166 89 213 213
0007_0285_0025_0247_0247.jpg 1 285 25 247 247
0008_0371_0063_0181_0181.jpg 1 371 63 181 181
0009_0159_0173_0273_0273.jpg 1 159 173 273 273
0010_0201_0058_0249_0249.jpg 1 201 58 249 249
0011_0426_0050_0053_0053.jpg 1 426 50 53 53
0012_0465_0171_0118_0118.jpg 1 465 171 118 118
0013_0294_0213_0090_0090.jpg 1 294 213 90 90
0014_0113_0185_0320_0320.jpg 1 113 185 320 320
0015_0287_0245_0030_0030.jpg 1 287 245 30 30
0016_0366_0125_0121_0121.jpg 1 366 125 121 121
0017_0317_0229_0167_0167.jpg 1 317 229 167 167
0018_0420_0118_0083_0083.jpg 1 420 118 83 83
0019_0069_0038_0189_0189.jpg 1 69 38 189 189
0020_0313_0142_0215_0215.jpg 1 313 142 215 215
0021_0241_0221_0078_0078.jpg 1 241 221 78 78
0022_0197_0154_0278_0278.jpg 1 197 154 278 278
0023_0227_0165_0222_0222.jpg 1 227 165 222 222
0024_0174_0120_0313_0313.jpg 1 174 120 313 313
0025_0345_0406_0077_0077.jpg 1 345 406 77 77
0026_0158_0107_0199_0199.jpg 1 158 107 199 199
0027_0139_0063_0165_0165.jpg 1 139 63 165 165
0028_0269_0262_0155_0155.jpg 1 269 262 155 155
0029_0262_0095_0287_0287.jpg 1 262 95 287 287
0030_0305_0111_0193_0193.jpg 1 305 111 193 193
0031_0418_0212_0105_0105.jpg 1 418 212 105 105
0032_0234_0203_0184_0184.jpg 1 234 203 184 184
0033_0322_0136_0256_0256.jpg 1 322 136 256 256
0034_0183_0495_0034_0034.jpg 1 183 495 34 34
0035_0230_0206_0108_0108.jpg 1 230 206 108 108
0036_0140_0125_0329_0329.jpg 1 140 125 329 329
0037_0230_0134_0111_0111.jpg 1 230 134 111 111
0038_0089_0480_0031_0031.jpg 1 89 480 31 31
0039_0178_0393_0110_0110.jpg 1 178 393 110 110
0040_0081_0150_0032_0032.jpg 1 81 150 32 32
0041_0288_0119_0024_0024.jpg 1 288 119 24 24
0042_0373_0216_0170_0170.jpg 1 373 216 170 170
0043_0217_0268_0142_0142.jpg 1 217 268 142 142
0044_0135_0141_0144_0144.jpg 1 135 141 144 144
0045_0043_0108_0287_0287.jpg 1 43 108 287 287
0046_0178_0227_0175_0175.jpg 1 178 227 175 175
0047_0281_0339_0073_0073.jpg 1 281 339 73 73
0048_0250_0142_0294_0294.jpg 1 250 142 294 294
0049_0277_0045_0223_0223.jpg 1 277 45 223 223
0050_0105_0260_0171_0171.jpg 1 105 260 171 171
0051_0130_0162_0296_0296.jpg 1 130 162 296 296
0052_0043_0191_0218_0218.jpg 1 43 191 218 218
0053_0145_0126_0167_0167.jpg 1 145 126 167 167
0054_0481_0053_0034_0034.jpg 1 481 53 34 34
0055_0172_0074_0237_0237.jpg 1 172 74 237 237
0056_0163_0131_0156_0156.jpg 1 163 131 156 156
0057_0259_0032_0312_0312.jpg 1 259 32 312 312
0058_0344_0028_0219_0219.jpg 1 344 28 219 219
0059_0380_0218_0092_0092.jpg 1 380 218 92 92
0060_0232_0121_0160_0160.jpg 1 232 121 160 160
0061_0277_0118_0278_0278.jpg 1 277 118 278 278
0062_0206_0283_0087_0087.jpg 1 206 283 87 87
0063_0191_0180_0064_0064.jpg 1 191 180 64 64
0064_0421_0227_0160_0160.jpg 1 421 227 160 160
0065_0266_0374_0122_0122.jpg 1 266 374 122 122
0066_0422_0255_0068_0068.jpg 1 422 255 68 68
0067_0054_0254_0149_0149.jpg 1 54 254 149 149
0068_0328_0067_0255_0255.jpg 1 328 67 255 255
0069_0369_0284_0094_0094.jpg 1 369 284 94 94
0070_0071_0330_0070_0070.jpg 1 71 330 70 70
0071_0215_0062_0161_0161.jpg 1 215 62 161 161
0072_0071_0241_0112_0112.jpg 1 71 241 112 112
0073_0101_0133_0261_0261.jpg 1 101 133 261 261
0074_0102_0200_0209_0209.jpg 1 102 200 209 209
0075_0201_0038_0288_0288.jpg 1 201 38 288 288
0076_0199_0274_0250_0250.jpg 1 199 274 250 250
0077_0094_0058_0222_0222.jpg 1 94 58 222 222
0078_0230_0307_0106_0106.jpg 1 230 307 106 106
0079_0096_0085_0282_0282.jpg 1 96 85 282 282
0080_0368_0145_0181_0181.jpg 1 368 145 181 181
0081_0465_0370_0055_0055.jpg 1 465 370 55 55
0082_0220_0450_0136_0136.jpg 1 220 450 136 136
0083_0381_0201_0162_0162.jpg 1 381 201 162 162
0084_0114_0135_0195_0195.jpg 1 114 135 195 195
0085_0062_0090_0216_0216.jpg 1 62 90 216 216
0086_0197_0027_0244_0244.jpg 1 197 27 244 244
0087_0296_0037_0218_0218.jpg 1 296 37 218 218
0088_0398_0501_0024_0024.jpg 1 398 501 24 24
0089_0096_0243_0124_0124.jpg 1 96 243 124 124
0090_0312_0260_0099_0099.jpg 1 312 260 99 99
0091_0202_0035_0300_0300.jpg 1 202 35 300 300
0092_0130_0139_0210_0210.jpg 1 130 139 210 210
0093_0184_0280_0135_0135.jpg 1 184 280 135 135
0094_0139_0489_0029_0029.jpg 1 139 489 29 29
0095_0099_0400_0126_0126.jpg 1 99 400 126 126
0096_0088_0265_0123_0123.jpg 1 88 265 123 123
0097_0169_0173_0213_0213.jpg 1 169 173 213 213
0098_0064_0302_0084_0084.jpg 1 64 302 84 84
0099_0276_0086_0206_0206.jpg 1 276 86 206 206
0100_0072_0181_0224_0224.jpg 1 72 181 224 224
0101_0244_0037_0144_0144.jpg 1 244 37 144 144
0102_0245_0090_0201_0201.jpg 1 245 90 201 201
0103_0153_0218_0213_0213.jpg 1 153 218 213 213
0104_0239_0056_0239_0239.jpg 1 239 56 239 239
0105_0439_0225_0061_0061.jpg 1 439 225 61 61
0106_0288_0118_0217_0217.jpg 1 288 118 217 217
0107_0140_0395_0111_0111.jpg 1 140 395 111 111
0108_0133_0062_0319_0319.jpg 1 133 62 319 319
0109_0138_0061_0057_0057.jpg 1 138 61 57 57
0110_0117_0229_0304_0304.jpg 1 117 229 304 304
0111_0216_0132_0231_0231.jpg 1 216 132 231 231
0112_0066_0090_0199_0199.jpg 1 66 90 199 199
0113_0253_0129_0318_0318.jpg 1 253 129 318 318
0114_0231_0243_0061_0061.jpg 1 231 243 61 61
0115_0166_0244_0133_0133.jpg 1 166 244 133 133
0116_0422_0316_0079_0079.jpg 1 422 316 79 79
0117_0072_0115_0320_0320.jpg 1 72 115 320 320
0118_0086_0051_0148_0148.jpg 1 86 51 148 148
0119_0363_0192_0212_0212.jpg 1 363 192 212 212
0120_0109_0065_0144_0144.jpg 1 109 65 144 144
0121_0162_0033_0320_0320.jpg 1 162 33 320 320
0122_0105_0135_0081_0081.jpg 1 105 135 81 81
0123_0502_0080_0073_0073.jpg 1 502 80 73 73
0124_0376_0207_0195_0195.jpg 1 376 207 195 195
0125_0246_0099_0241_0241.jpg 1 246 99 241 241
0126_0113_0103_0326_0326.jpg 1 113 103 326 326
0127_0084_0100_0265_0265.jpg 1 84 100 265 265
0128_0171_0165_0275_0275.jpg 1 171 165 275 275
