0001_0261_0177_0213_0213.jpg 1 261 177 213 213
0002_0290_0160_0297_0297.jpg 1 290 160 297 297
0003_0148_0116_0309_0309.jpg 1 148 116 309 309
0004_0278_0095_0229_0229.jpg 1 278 95 229 229
0005_0286_0110_0145_0145.jpg 1 286 110 145 145
0006_0237_0380_0094_0094.jpg 1 237 380 94 94
0007_0142_0249_0312_0312.jpg 1 142 249 312 312
0008_0074_0032_0240_0240.jpg 1 74 32 240 240
0009_0099_0123_0170_0170.jpg 1 99 123 170 170
0010_0181_0033_0277_0277.jpg 1 181 33 277 277
0011_0088_0127_0110_0110.jpg 1 88 127 110 110
0012_0118_0065_0235_0235.jpg 1 118 65 235 235
0013_0214_0053_0212_0212.jpg 1 214 53 212 212
0014_0185_0080_0315_0315.jpg 1 185 80 315 315
0015_0066_0342_0073_0073.jpg 1 66 342 73 73
0016_0237_0076_0333_0333.jpg 1 237 76 333 333
0017_0285_0243_0189_0189.jpg 1 285 243 189 189
0018_0161_0075_0220_0220.jpg 1 161 75 220 220
0019_0250_0025_0286_0286.jpg 1 250 25 286 286
0020_0077_0143_0025_0025.jpg 1 77 143 25 25
0021_0102_0078_0333_0333.jpg 1 102 78 333 333
0022_0010_0199_0184_0184.jpg 1 10 199 184 184
0023_0246_0179_0227_0227.jpg 1 246 179 227 227
0024_0210_0151_0232_0232.jpg 1 210 151 232 232
0025_0114_0026_0034_0034.jpg 1 114 26 34 34
0026_0047_0223_0286_0286.jpg 1 47 223 286 286
0027_0332_0303_0092_0092.jpg 1 332 303 92 92
0028_0334_0198_0081_0081.jpg 1 334 198 81 81
0029_0098_0128_0333_0333.jpg 1 98 128 333 333
0030_0321_0060_0214_0214.jpg 1 321 60 214 214
0031_0089_0023_0319_0319.jpg 1 89 23 319 319
0032_0223_0056_0260_0260.jpg 1 223 56 260 260
0033_0206_0453_0026_0026.jpg 1 206 453 26 26
0034_0086_0114_0246_0246.jpg 1 86 114 246 246
0035_0321_0202_0229_0229.jpg 1 321 202 229 229
0036_0388_0241_0026_0026.jpg 1 388 241 26 26
0037_0210_0160_0135_0135.jpg 1 210 160 135 135
0038_0220_0159_0263_0263.jpg 1 220 159 263 263
0039_0055_0077_0124_0124.jpg 1 55 77 124 124
0040_0272_0062_0134_0134.jpg 1 272 62 134 134
0041_0071_0164_0170_0170.jpg 1 71 164 170 170
0042_0174_0087_0322_0322.jpg 1 174 87 322 322
0043_0246_0064_0184_0184.jpg 1 246 64 184 184
0044_0158_0248_0039_0039.jpg 1 158 248 39 39
0045_0343_0140_0046_0046.jpg 1 343 140 46 46
0046_0222_0261_0200_0200.jpg 1 222 261 200 200
0047_0098_0146_0173_0173.jpg 1 98 146 173 173
0048_0024_0192_0252_0252.jpg 1 24 192 252 252
0049_0178_0113_0217_0217.jpg 1 178 113 217 217
0050_0138_0334_0167_0167.jpg 1 138 334 167 167
0051_0336_0146_0240_0240.jpg 1 336 146 240 240
0052_0156_0036_0298_0298.jpg 1 156 36 298 298
0053_0184_0216_0194_0194.jpg 1 184 216 194 194
0054_0365_0078_0127_0127.jpg 1 365 78 127 127
0055_0227_0082_0281_0281.jpg 1 227 82 281 281
0056_0251_0155_0212_0212.jpg 1 251 155 212 212
0057_0147_0183_0039_0039.jpg 1 147 183 39 39
0058_0336_0051_0220_0220.jpg 1 336 51 220 220
0059_0124_0224_0160_0160.jpg 1 124 224 160 160
0060_0157_0045_0246_0246.jpg 1 157 45 246 246
0061_0305_0251_0076_0076.jpg 1 305 251 76 76
0062_0479_0114_0042_0042.jpg 1 479 114 42 42
0063_0100_0240_0176_0176.jpg 1 100 240 176 176
0064_0161_0138_0039_0039.jpg 1 161 138 39 39
0065_0225_0086_0313_0313.jpg 1 225 86 313 313
0066_0091_0121_0296_0296.jpg 1 91 121 296 296
0067_0146_0105_0190_0190.jpg 1 146 105 190 190
0068_0306_0080_0127_0127.jpg 1 306 80 127 127
0069_0093_0273_0070_0070.jpg 1 93 273 70 70
0070_0136_0151_0175_0175.jpg 1 136 151 175 175
0071_0445_0066_0077_0077.jpg 1 445 66 77 77
0072_0285_0053_0246_0246.jpg 1 285 53 246 246
0073_0287_0105_0068_0068.jpg 1 287 105 68 68
0074_0229_0133_0192_0192.jpg 1 229 133 192 192
0075_0310_0305_0134_0134.jpg 1 310 305 134 134
0076_0146_0084_0192_0192.jpg 1 146 84 192 192
0077_0161_0019_0294_0294.jpg 1 161 19 294 294
0078_0223_0105_0236_0236.jpg 1 223 105 236 236
0079_0192_0180_0247_0247.jpg 1 192 180 247 247
0080_0339_0284_0070_0070.jpg 1 339 284 70 70
0081_0098_0132_0239_0239.jpg 1 98 132 239 239
0082_0076_0274_0078_0078.jpg 1 76 274 78 78
0083_0193_0235_0073_0073.jpg 1 193 235 73 73
0084_0027_0107_0318_0318.jpg 1 27 107 318 318
0085_0311_0146_0290_0290.jpg 1 311 146 290 290
0086_0398_0260_0102_0102.jpg 1 398 260 102 102
0087_0330_0151_0106_0106.jpg 1 330 151 106 106
0088_0190_0191_0244_0244.jpg 1 190 191 244 244
0089_0157_0312_0111_0111.jpg 1 157 312 111 111
0090_0278_0185_0164_0164.jpg 1 278 185 164 164
0091_0196_0080_0271_0271.jpg 1 196 80 271 271
0092_0082_0043_0138_0138.jpg 1 82 43 138 138
0093_0161_0146_0097_0097.jpg 1 161 146 97 97
0094_0421_0105_0156_0156.jpg 1 421 105 156 156
0095_0125_0064_0335_0335.jpg 1 125 64 335 335
0096_0183_0227_0247_0247.jpg 1 183 227 247 247
0097_0085_0069_0171_0171.jpg 1 85 69 171 171
0098_0079_0091_0177_0177.jpg 1 79 91 177 177
0099_0166_0082_0042_0042.jpg 1 166 82 42 42
0100_0397_0255_0169_0169.jpg 1 397 255 169 169
0101_0059_0177_0113_0113.jpg 1 59 177 113 113
0102_0301_0140_0255_0255.jpg 1 301 140 255 255
0103_0298_0456_0102_0102.jpg 1 298 456 102 102
0104_0377_0289_0080_0080.jpg 1 377 289 80 80
0105_0168_0097_0259_0259.jpg 1 168 97 259 259
0106_0069_0214_0213_0213.jpg 1 69 214 213 213
0107_0083_0244_0330_0330.jpg 1 83 244 330 330
0108_0096_0171_0172_0172.jpg 1 96 171 172 172
0109_0274_0382_0107_0107.jpg 1 274 382 107 107
0110_0363_0238_0171_0171.jpg 1 363 238 171 171
0111_0244_0016_0333_0333.jpg 1 244 16 333 333
0112_0539_0382_0027_0027.jpg 1 539 382 27 27
0113_0273_0046_0264_0264.jpg 1 273 46 264 264
0114_0137_0256_0186_0186.jpg 1 137 256 186 186
0115_0188_0086_0195_0195.jpg 1 188 86 195 195
0116_0156_0111_0030_0030.jpg 1 156 111 30 30
0117_0406_0082_0070_0070.jpg 1 406 82 70 70
0118_0054_0109_0268_0268.jpg 1 54 109 268 268
0119_0321_0110_0075_0075.jpg 1 321 110 75 75
0120_0270_0299_0068_0068.jpg 1 270 299 68 68
0121_0341_0068_0136_0136.jpg 1 341 68 136 136
0122_0284_0162_0075_0075.jpg 1 284 162 75 75
0123_0175_0385_0048_0048.jpg 1 175 385 48 48
0124_0300_0116_0186_0186.jpg 1 300 116 186 186
0125_0086_0275_0164_0164.jpg 1 86 275 164 164
0126_0127_0272_0307_0307.jpg 1 127 272 307 307
0127_0206_0069_0302_0302.jpg 1 206 69 302 302
0128_0225_0031_0330_0330.jpg 1 225 31 330 330
