0001_0131_0058_0024_0024.jpg 1 131 58 24 24
0002_0267_0085_0278_0278.jpg 1 267 85 278 278
0003_0284_0109_0290_0290.jpg 1 284 109 290 290
0004_0164_0058_0244_0244.jpg 1 164 58 244 244
0005_0250_0124_0177_0177.jpg 1 250 124 177 177
0006_0421_0255_0062_0062.jpg 1 421 255 62 62
0007_0253_0088_0258_0258.jpg 1 253 88 258 258
0008_0336_0114_0195_0195.jpg 1 336 114 195 195
0009_0219_0266_0107_0107.jpg 1 219 266 107 107
0010_0260_0168_0143_0143.jpg 1 260 168 143 143
0011_0235_0371_0190_0190.jpg 1 235 371 190 190
0012_0216_0201_0158_0158.jpg 1 216 201 158 158
0013_0207_0130_0118_0118.jpg 1 207 130 118 118
0014_0369_0066_0123_0123.jpg 1 369 66 123 123
0015_0023_0116_0325_0325.jpg 1 23 116 325 325
0016_0215_0184_0235_0235.jpg 1 215 184 235 235
0017_0222_0084_0216_0216.jpg 1 222 84 216 216
0018_0090_0039_0289_0289.jpg 1 90 39 289 289
0019_0238_0139_0107_0107.jpg 1 238 139 107 107
0020_0374_0316_0114_0114.jpg 1 374 316 114 114
0021_0167_0042_0152_0152.jpg 1 167 42 152 152
0022_0413_0308_0112_0112.jpg 1 413 308 112 112
0023_0034_0171_0320_0320.jpg 1 34 171 320 320
0024_0184_0052_0334_0334.jpg 1 184 52 334 334
0025_0073_0146_0212_0212.jpg 1 73 146 212 212
0026_0241_0103_0198_0198.jpg 1 241 103 198 198
0027_0161_0188_0255_0255.jpg 1 161 188 255 255
0028_0185_0051_0293_0293.jpg 1 185 51 293 293
0029_0393_0318_0077_0077.jpg 1 393 318 77 77
0030_0203_0375_0203_0203.jpg 1 203 375 203 203
0031_0055_0134_0121_0121.jpg 1 55 134 121 121
0032_0293_0178_0271_0271.jpg 1 293 178 271 271
0033_0228_0051_0112_0112.jpg 1 228 51 112 112
0034_0059_0066_0053_0053.jpg 1 59 66 53 53
0035_0128_0224_0131_0131.jpg 1 128 224 131 131
0036_0154_0373_0154_0154.jpg 1 154 373 154 154
0037_0057_0067_0192_0192.jpg 1 57 67 192 192
0038_0368_0162_0106_0106.jpg 1 368 162 106 106
0039_0172_0346_0074_0074.jpg 1 172 346 74 74
0040_0291_0058_0308_0308.jpg 1 291 58 308 308
0041_0127_0086_0323_0323.jpg 1 127 86 323 323
0042_0247_0079_0327_0327.jpg 1 247 79 327 327
0043_0184_0107_0135_0135.jpg 1 184 107 135 135
0044_0138_0440_0039_0039.jpg 1 138 440 39 39
0045_0113_0143_0046_0046.jpg 1 113 143 46 46
0046_0315_0492_0069_0069.jpg 1 315 492 69 69
0047_0215_0121_0224_0224.jpg 1 215 121 224 224
0048_0067_0098_0328_0328.jpg 1 67 98 328 328
0049_0090_0048_0235_0235.jpg 1 90 48 235 235
0050_0156_0264_0187_0187.jpg 1 156 264 187 187
0051_0293_0065_0281_0281.jpg 1 293 65 281 281
0052_0217_0106_0183_0183.jpg 1 217 106 183 183
0053_0294_0182_0188_0188.jpg 1 294 182 188 188
0054_0025_0301_0279_0279.jpg 1 25 301 279 279
0055_0333_0183_0132_0132.jpg 1 333 183 132 132
0056_0303_0036_0186_0186.jpg 1 303 36 186 186
0057_0090_0335_0088_0088.jpg 1 90 335 88 88
0058_0031_0055_0278_0278.jpg 1 31 55 278 278
0059_0293_0162_0199_0199.jpg 1 293 162 199 199
0060_0143_0118_0292_0292.jpg 1 143 118 292 292
0061_0044_0051_0267_0267.jpg 1 44 51 267 267
0062_0185_0041_0331_0331.jpg 1 185 41 331 331
0063_0113_0124_0067_0067.jpg 1 113 124 67 67
0064_0199_0077_0317_0317.jpg 1 199 77 317 317
0065_0276_0117_0276_0276.jpg 1 276 117 276 276
0066_0221_0111_0079_0079.jpg 1 221 111 79 79
0067_0290_0211_0027_0027.jpg 1 290 211 27 27
0068_0244_0154_0090_0090.jpg 1 244 154 90 90
0069_0110_0121_0174_0174.jpg 1 110 121 174 174
0070_0034_0277_0299_0299.jpg 1 34 277 299 299
0071_0320_0135_0178_0178.jpg 1 320 135 178 178
0072_0090_0037_0179_0179.jpg 1 90 37 179 179
0073_0042_0018_0325_0325.jpg 1 42 18 325 325
0074_0059_0133_0295_0295.jpg 1 59 133 295 295
0075_0383_0107_0196_0196.jpg 1 383 107 196 196
0076_0142_0073_0207_0207.jpg 1 142 73 207 207
0077_0401_0273_0052_0052.jpg 1 401 273 52 52
0078_0091_0048_0247_0247.jpg 1 91 48 247 247
0079_0138_0022_0298_0298.jpg 1 138 22 298 298
0080_0147_0060_0075_0075.jpg 1 147 60 75 75
0081_0313_0024_0280_0280.jpg 1 313 24 280 280
0082_0178_0444_0096_0096.jpg 1 178 444 96 96
0083_0105_0314_0051_0051.jpg 1 105 314 51 51
0084_0462_0124_0069_0069.jpg 1 462 124 69 69
0085_0273_0084_0256_0256.jpg 1 273 84 256 256
0086_0092_0144_0323_0323.jpg 1 92 144 323 323
0087_0228_0068_0243_0243.jpg 1 228 68 243 243
0088_0153_0126_0335_0335.jpg 1 153 126 335 335
0089_0285_0060_0114_0114.jpg 1 285 60 114 114
0090_0350_0056_0174_0174.jpg 1 350 56 174 174
0091_0136_0277_0187_0187.jpg 1 136 277 187 187
0092_0359_0194_0204_0204.jpg 1 359 194 204 204
0093_0227_0052_0197_0197.jpg 1 227 52 197 197
0094_0233_0082_0331_0331.jpg 1 233 82 331 331
0095_0263_0310_0083_0083.jpg 1 263 310 83 83
0096_0290_0118_0315_0315.jpg 1 290 118 315 315
0097_0055_0160_0260_0260.jpg 1 55 160 260 260
0098_0049_0250_0274_0274.jpg 1 49 250 274 274
0099_0256_0062_0308_0308.jpg 1 256 62 308 308
0100_0499_0207_0082_0082.jpg 1 499 207 82 82
0101_0174_0026_0330_0330.jpg 1 174 26 330 330
0102_0327_0292_0070_0070.jpg 1 327 292 70 70
0103_0294_0118_0052_0052.jpg 1 294 118 52 52
0104_0125_0284_0027_0027.jpg 1 125 284 27 27
0105_0118_0174_0063_0063.jpg 1 118 174 63 63
0106_0027_0195_0293_0293.jpg 1 27 195 293 293
0107_0193_0127_0262_0262.jpg 1 193 127 262 262
0108_0191_0093_0181_0181.jpg 1 191 93 181 181
0109_0255_0028_0322_0322.jpg 1 255 28 322 322
0110_0117_0155_0103_0103.jpg 1 117 155 103 103
0111_0195_0160_0262_0262.jpg 1 195 160 262 262
0112_0399_0210_0167_0167.jpg 1 399 210 167 167
0113_0286_0281_0054_0054.jpg 1 286 281 54 54
0114_0083_0070_0256_0256.jpg 1 83 70 256 256
0115_0248_0289_0114_0114.jpg 1 248 289 114 114
0116_0231_0110_0304_0304.jpg 1 231 110 304 304
0117_0475_0113_0083_0083.jpg 1 475 113 83 83
0118_0181_0162_0097_0097.jpg 1 181 162 97 97
0119_0329_0118_0107_0107.jpg 1 329 118 107 107
0120_0285_0203_0220_0220.jpg 1 285 203 220 220
0121_0063_0218_0134_0134.jpg 1 63 218 134 134
0122_0089_0059_0168_0168.jpg 1 89 59 168 168
0123_0353_0335_0027_0027.jpg 1 353 335 27 27
0124_0333_0135_0147_0147.jpg 1 333 135 147 147
0125_0195_0043_0173_0173.jpg 1 195 43 173 173
0126_0130_0224_0230_0230.jpg 1 130 224 230 230
0127_0144_0329_0099_0099.jpg 1 144 329 99 99
0128_0341_0319_0099_0099.jpg 1 341 319 99 99
