0001_0096_0145_0228_0228.jpg 1 96 145 228 228
0002_0190_0312_0030_0030.jpg 1 190 312 30 30
0003_0362_0148_0108_0108.jpg 1 362 148 108 108
0004_0365_0180_0096_0096.jpg 1 365 180 96 96
0005_0246_0260_0202_0202.jpg 1 246 260 202 202
0006_0084_0460_0047_0047.jpg 1 84 460 47 47
0007_0125_0195_0219_0219.jpg 1 125 195 219 219
0008_0266_0067_0084_0084.jpg 1 266 67 84 84
0009_0149_0237_0276_0276.jpg 1 149 237 276 276
0010_0122_0078_0199_0199.jpg 1 122 78 199 199
0011_0475_0397_0027_0027.jpg 1 475 397 27 27
0012_0065_0255_0056_0056.jpg 1 65 255 56 56
0013_0221_0020_0314_0314.jpg 1 221 20 314 314
0014_0386_0118_0053_0053.jpg 1 386 118 53 53
0015_0243_0041_0175_0175.jpg 1 243 41 175 175
0016_0282_0095_0135_0135.jpg 1 282 95 135 135
0017_0273_0072_0211_0211.jpg 1 273 72 211 211
0018_0086_0188_0209_0209.jpg 1 86 188 209 209
0019_0122_0143_0180_0180.jpg 1 122 143 180 180
0020_0478_0115_0025_0025.jpg 1 478 115 25 25
0021_0310_0227_0197_0197.jpg 1 310 227 197 197
0022_0065_0300_0122_0122.jpg 1 65 300 122 122
0023_0460_0307_0046_0046.jpg 1 460 307 46 46
0024_0430_0335_0066_0066.jpg 1 430 335 66 66
0025_0234_0090_0310_0310.jpg 1 234 90 310 310
0026_0258_0115_0070_0070.jpg 1 258 115 70 70
0027_0048_0040_0293_0293.jpg 1 48 40 293 293
0028_0361_0237_0212_0212.jpg 1 361 237 212 212
0029_0169_0336_0100_0100.jpg 1 169 336 100 100
0030_0343_0244_0193_0193.jpg 1 343 244 193 193
0031_0221_0256_0203_0203.jpg 1 221 256 203 203
0032_0158_0167_0122_0122.jpg 1 158 167 122 122
0033_0068_0065_0335_0335.jpg 1 68 65 335 335
0034_0299_0042_0135_0135.jpg 1 299 42 135 135
0035_0074_0205_0174_0174.jpg 1 74 205 174 174
0036_0028_0182_0196_0196.jpg 1 28 182 196 196
0037_0063_0180_0065_0065.jpg 1 63 180 65 65
0038_0169_0026_0294_0294.jpg 1 169 26 294 294
0039_0259_0154_0230_0230.jpg 1 259 154 230 230
0040_0077_0180_0228_0228.jpg 1 77 180 228 228
0041_0141_0175_0160_0160.jpg 1 141 175 160 160
0042_0106_0158_0275_0275.jpg 1 106 158 275 275
0043_0121_0143_0273_0273.jpg 1 121 143 273 273
0044_0039_0062_0246_0246.jpg 1 39 62 246 246
0045_0279_0293_0054_0054.jpg 1 279 293 54 54
0046_0078_0051_0289_0289.jpg 1 78 51 289 289
0047_0075_0249_0251_0251.jpg 1 75 249 251 251
0048_0516_0352_0034_0034.jpg 1 516 352 34 34
0049_0246_0266_0125_0125.jpg 1 246 266 125 125
0050_0135_0289_0098_0098.jpg 1 135 289 98 98
0051_0086_0083_0287_0287.jpg 1 86 83 287 287
0052_0251_0181_0217_0217.jpg 1 251 181 217 217
0053_0212_0072_0257_0257.jpg 1 212 72 257 257
0054_0105_0106_0325_0325.jpg 1 105 106 325 325
0055_0468_0103_0043_0043.jpg 1 468 103 43 43
0056_0101_0358_0142_0142.jpg 1 101 358 142 142
0057_0177_0316_0127_0127.jpg 1 177 316 127 127
0058_0295_0099_0130_0130.jpg 1 295 99 130 130
0059_0217_0072_0231_0231.jpg 1 217 72 231 231
0060_0219_0274_0061_0061.jpg 1 219 274 61 61
0061_0287_0310_0117_0117.jpg 1 287 310 117 117
0062_0273_0186_0122_0122.jpg 1 273 186 122 122
0063_0257_0234_0161_0161.jpg 1 257 234 161 161
0064_0257_0118_0333_0333.jpg 1 257 118 333 333
0065_0181_0133_0304_0304.jpg 1 181 133 304 304
0066_0347_0221_0084_0084.jpg 1 347 221 84 84
0067_0401_0112_0131_0131.jpg 1 401 112 131 131
0068_0262_0197_0175_0175.jpg 1 262 197 175 175
0069_0193_0228_0071_0071.jpg 1 193 228 71 71
0070_0080_0118_0229_0229.jpg 1 80 118 229 229
0071_0253_0120_0065_0065.jpg 1 253 120 65 65
0072_0212_0398_0171_0171.jpg 1 212 398 171 171
0073_0210_0333_0088_0088.jpg 1 210 333 88 88
0074_0109_0293_0135_0135.jpg 1 109 293 135 135
0075_0404_0043_0087_0087.jpg 1 404 43 87 87
0076_0080_0185_0271_0271.jpg 1 80 185 271 271
0077_0364_0217_0067_0067.jpg 1 364 217 67 67
0078_0100_0038_0122_0122.jpg 1 100 38 122 122
0079_0242_0252_0036_0036.jpg 1 242 252 36 36
0080_0217_0190_0241_0241.jpg 1 217 190 241 241
0081_0245_0236_0165_0165.jpg 1 245 236 165 165
0082_0222_0303_0067_0067.jpg 1 222 303 67 67
0083_0340_0151_0117_0117.jpg 1 340 151 117 117
0084_0239_0285_0150_0150.jpg 1 239 285 150 150
0085_0200_0180_0186_0186.jpg 1 200 180 186 186
0086_0229_0032_0248_0248.jpg 1 229 32 248 248
0087_0301_0202_0126_0126.jpg 1 301 202 126 126
0088_0210_0085_0276_0276.jpg 1 210 85 276 276
0089_0284_0123_0295_0295.jpg 1 284 123 295 295
0090_0060_0136_0261_0261.jpg 1 60 136 261 261
0091_0403_0184_0071_0071.jpg 1 403 184 71 71
0092_0242_0243_0194_0194.jpg 1 242 243 194 194
0093_0119_0191_0154_0154.jpg 1 119 191 154 154
0094_0079_0127_0147_0147.jpg 1 79 127 147 147
0095_0397_0053_0107_0107.jpg 1 397 53 107 107
0096_0382_0114_0174_0174.jpg 1 382 114 174 174
0097_0077_0447_0103_0103.jpg 1 77 447 103 103
0098_0050_0045_0331_0331.jpg 1 50 45 331 331
0099_0130_0092_0247_0247.jpg 1 130 92 247 247
0100_0439_0089_0114_0114.jpg 1 439 89 114 114
0101_0335_0084_0208_0208.jpg 1 335 84 208 208
0102_0117_0047_0194_0194.jpg 1 117 47 194 194
0103_0196_0095_0061_0061.jpg 1 196 95 61 61
0104_0277_0374_0095_0095.jpg 1 277 374 95 95
0105_0136_0377_0080_0080.jpg 1 136 377 80 80
0106_0095_0265_0043_0043.jpg 1 95 265 43 43
0107_0109_0222_0275_0275.jpg 1 109 222 275 275
0108_0301_0047_0176_0176.jpg 1 301 47 176 176
0109_0480_0329_0050_0050.jpg 1 480 329 50 50
0110_0357_0278_0091_0091.jpg 1 357 278 91 91
0111_0350_0204_0117_0117.jpg 1 350 204 117 117
0112_0076_0113_0284_0284.jpg 1 76 113 284 284
0113_0247_0146_0161_0161.jpg 1 247 146 161 161
0114_0218_0108_0265_0265.jpg 1 218 108 265 265
0115_0219_0218_0231_0231.jpg 1 219 218 231 231
0116_0255_0326_0087_0087.jpg 1 255 326 87 87
0117_0157_0339_0214_0214.jpg 1 157 339 214 214
0118_0089_0220_0218_0218.jpg 1 89 220 218 218
0119_0191_0214_0089_0089.jpg 1 191 214 89 89
0120_0425_0290_0104_0104.jpg 1 425 290 104 104
0121_0097_0172_0029_0029.jpg 1 97 172 29 29
0122_0102_0039_0210_0210.jpg 1 102 39 210 210
0123_0086_0206_0157_0157.jpg 1 86 206 157 157
0124_0185_0206_0208_0208.jpg 1 185 206 208 208
0125_0105_0070_0304_0304.jpg 1 105 70 304 304
0126_0094_0103_0130_0130.jpg 1 94 103 130 130
0127_0379_0182_0060_0060.jpg 1 379 182 60 60
0128_0162_0044_0298_0298.jpg 1 162 44 298 298
