0001_0350_0240_0148_0148.jpg 1 350 240 148 148
0002_0389_0082_0082_0082.jpg 1 389 82 82 82
0003_0435_0188_0095_0095.jpg 1 435 188 95 95
0004_0333_0311_0078_0078.jpg 1 333 311 78 78
0005_0067_0016_0329_0329.jpg 1 67 16 329 329
0006_0060_0170_0214_0214.jpg 1 60 170 214 214
0007_0312_0073_0231_0231.jpg 1 312 73 231 231
0008_0185_0172_0228_0228.jpg 1 185 172 228 228
0009_0057_0082_0252_0252.jpg 1 57 82 252 252
0010_0124_0333_0071_0071.jpg 1 124 333 71 71
0011_0171_0161_0164_0164.jpg 1 171 161 164 164
0012_0123_0173_0273_0273.jpg 1 123 173 273 273
0013_0085_0175_0305_0305.jpg 1 85 175 305 305
0014_0042_0133_0310_0310.jpg 1 42 133 310 310
0015_0122_0076_0114_0114.jpg 1 122 76 114 114
0016_0247_0156_0207_0207.jpg 1 247 156 207 207
0017_0034_0073_0226_0226.jpg 1 34 73 226 226
0018_0196_0129_0143_0143.jpg 1 196 129 143 143
0019_0236_0139_0120_0120.jpg 1 236 139 120 120
0020_0355_0154_0043_0043.jpg 1 355 154 43 43
0021_0232_0137_0315_0315.jpg 1 232 137 315 315
0022_0182_0194_0156_0156.jpg 1 182 194 156 156
0023_0430_0050_0128_0128.jpg 1 430 50 128 128
0024_0231_0183_0250_0250.jpg 1 231 183 250 250
0025_0248_0242_0204_0204.jpg 1 248 242 204 204
0026_0079_0056_0288_0288.jpg 1 79 56 288 288
0027_0163_0047_0268_0268.jpg 1 163 47 268 268
0028_0137_0053_0196_0196.jpg 1 137 53 196 196
0029_0225_0055_0308_0308.jpg 1 225 55 308 308
0030_0134_0096_0269_0269.jpg 1 134 96 269 269
0031_0067_0264_0058_0058.jpg 1 67 264 58 58
0032_0404_0094_0153_0153.jpg 1 404 94 153 153
0033_0331_0386_0029_0029.jpg 1 331 386 29 29
0034_0065_0085_0318_0318.jpg 1 65 85 318 318
0035_0369_0227_0180_0180.jpg 1 369 227 180 180
0036_0138_0045_0176_0176.jpg 1 138 45 176 176
0037_0255_0263_0044_0044.jpg 1 255 263 44 44
0038_0168_0074_0281_0281.jpg 1 168 74 281 281
0039_0045_0090_0282_0282.jpg 1 45 90 282 282
0040_0165_0120_0291_0291.jpg 1 165 120 291 291
0041_0114_0163_0131_0131.jpg 1 114 163 131 131
0042_0313_0157_0071_0071.jpg 1 313 157 71 71
0043_0293_0058_0122_0122.jpg 1 293 58 122 122
0044_0204_0051_0308_0308.jpg 1 204 51 308 308
0045_0108_0092_0268_0268.jpg 1 108 92 268 268
0046_0122_0179_0293_0293.jpg 1 122 179 293 293
0047_0207_0197_0135_0135.jpg 1 207 197 135 135
0048_0264_0288_0139_0139.jpg 1 264 288 139 139
0049_0219_0073_0082_0082.jpg 1 219 73 82 82
0050_0216_0095_0061_0061.jpg 1 216 95 61 61
0051_0241_0149_0154_0154.jpg 1 241 149 154 154
0052_0105_0285_0118_0118.jpg 1 105 285 118 118
0053_0126_0242_0103_0103.jpg 1 126 242 103 103
0054_0219_0121_0323_0323.jpg 1 219 121 323 323
0055_0229_0072_0207_0207.jpg 1 229 72 207 207
0056_0039_0112_0248_0248.jpg 1 39 112 248 248
0057_0085_0172_0179_0179.jpg 1 85 172 179 179
0058_0050_0198_0297_0297.jpg 1 50 198 297 297
0059_0276_0136_0168_0168.jpg 1 276 136 168 168
0060_0110_0273_0284_0284.jpg 1 110 273 284 284
0061_0379_0224_0105_0105.jpg 1 379 224 105 105
0062_0096_0276_0288_0288.jpg 1 96 276 288 288
0063_0235_0044_0311_0311.jpg 1 235 44 311 311
0064_0264_0036_0233_0233.jpg 1 264 36 233 233
0065_0086_0119_0300_0300.jpg 1 86 119 300 300
0066_0230_0084_0146_0146.jpg 1 230 84 146 146
0067_0080_0131_0245_0245.jpg 1 80 131 245 245
0068_0089_0126_0234_0234.jpg 1 89 126 234 234
0069_0354_0273_0159_0159.jpg 1 354 273 159 159
0070_0420_0156_0047_0047.jpg 1 420 156 47 47
0071_0108_0072_0283_0283.jpg 1 108 72 283 283
0072_0160_0077_0099_0099.jpg 1 160 77 99 99
0073_0257_0213_0064_0064.jpg 1 257 213 64 64
0074_0114_0143_0298_0298.jpg 1 114 143 298 298
0075_0146_0101_0157_0157.jpg 1 146 101 157 157
0076_0431_0176_0121_0121.jpg 1 431 176 121 121
0077_0088_0063_0330_0330.jpg 1 88 63 330 330
0078_0057_0081_0087_0087.jpg 1 57 81 87 87
0079_0085_0221_0168_0168.jpg 1 85 221 168 168
0080_0215_0262_0131_0131.jpg 1 215 262 131 131
0081_0107_0153_0295_0295.jpg 1 107 153 295 295
0082_0090_0272_0084_0084.jpg 1 90 272 84 84
0083_0106_0329_0137_0137.jpg 1 106 329 137 137
0084_0236_0021_0283_0283.jpg 1 236 21 283 283
0085_0510_0052_0060_0060.jpg 1 510 52 60 60
0086_0398_0044_0142_0142.jpg 1 398 44 142 142
0087_0089_0185_0252_0252.jpg 1 89 185 252 252
0088_0250_0110_0106_0106.jpg 1 250 110 106 106
0089_0214_0051_0286_0286.jpg 1 214 51 286 286
0090_0363_0191_0113_0113.jpg 1 363 191 113 113
0091_0249_0121_0292_0292.jpg 1 249 121 292 292
0092_0318_0134_0282_0282.jpg 1 318 134 282 282
0093_0066_0115_0315_0315.jpg 1 66 115 315 315
0094_0107_0280_0234_0234.jpg 1 107 280 234 234
0095_0022_0238_0296_0296.jpg 1 22 238 296 296
0096_0295_0226_0209_0209.jpg 1 295 226 209 209
0097_0346_0190_0182_0182.jpg 1 346 190 182 182
0098_0271_0284_0065_0065.jpg 1 271 284 65 65
0099_0060_0053_0224_0224.jpg 1 60 53 224 224
0100_0206_0080_0141_0141.jpg 1 206 80 141 141
0101_0115_0177_0078_0078.jpg 1 115 177 78 78
0102_0256_0253_0082_0082.jpg 1 256 253 82 82
0103_0061_0219_0138_0138.jpg 1 61 219 138 138
0104_0375_0277_0143_0143.jpg 1 375 277 143 143
0105_0058_0236_0064_0064.jpg 1 58 236 64 64
0106_0051_0232_0219_0219.jpg 1 51 232 219 219
0107_0136_0320_0225_0225.jpg 1 136 320 225 225
0108_0135_0213_0270_0270.jpg 1 135 213 270 270
0109_0067_0244_0158_0158.jpg 1 67 244 158 158
0110_0443_0268_0069_0069.jpg 1 443 268 69 69
0111_0120_0384_0088_0088.jpg 1 120 384 88 88
0112_0202_0121_0307_0307.jpg 1 202 121 307 307
0113_0245_0060_0161_0161.jpg 1 245 60 161 161
0114_0097_0152_0254_0254.jpg 1 97 152 254 254
0115_0077_0056_0328_0328.jpg 1 77 56 328 328
0116_0393_0106_0072_0072.jpg 1 393 106 72 72
0117_0058_0284_0030_0030.jpg 1 58 284 30 30
0118_0227_0434_0025_0025.jpg 1 227 434 25 25
0119_0259_0211_0061_0061.jpg 1 259 211 61 61
0120_0142_0052_0256_0256.jpg 1 142 52 256 256
0121_0194_0109_0106_0106.jpg 1 194 109 106 106
0122_0071_0246_0244_0244.jpg 1 71 246 244 244
0123_0105_0178_0264_0264.jpg 1 105 178 264 264
0124_0176_0061_0251_0251.jpg 1 176 61 251 251
0125_0145_0107_0128_0128.jpg 1 145 107 128 128
0126_0087_0204_0072_0072.jpg 1 87 204 72 72
0127_0230_0160_0232_0232.jpg 1 230 160 232 232
0128_0109_0156_0220_0220.jpg 1 109 156 220 220
