0001_0250_0244_0194_0194.jpg 1 250 244 194 194
0002_0047_0161_0300_0300.jpg 1 47 161 300 300
0003_0106_0079_0220_0220.jpg 1 106 79 220 220
0004_0170_0042_0234_0234.jpg 1 170 42 234 234
0005_0047_0072_0182_0182.jpg 1 47 72 182 182
0006_0214_0137_0172_0172.jpg 1 214 137 172 172
0007_0190_0179_0135_0135.jpg 1 190 179 135 135
0008_0101_0249_0146_0146.jpg 1 101 249 146 146
0009_0064_0020_0290_0290.jpg 1 64 20 290 290
0010_0132_0115_0268_0268.jpg 1 132 115 268 268
0011_0393_0144_0191_0191.jpg 1 393 144 191 191
0012_0109_0041_0317_0317.jpg 1 109 41 317 317
0013_0262_0157_0232_0232.jpg 1 262 157 232 232
0014_0040_0131_0309_0309.jpg 1 40 131 309 309
0015_0414_0111_0149_0149.jpg 1 414 111 149 149
0016_0213_0440_0027_0027.jpg 1 213 440 27 27
0017_0132_0456_0055_0055.jpg 1 132 456 55 55
0018_0276_0112_0256_0256.jpg 1 276 112 256 256
0019_0148_0186_0183_0183.jpg 1 148 186 183 183
0020_0234_0089_0058_0058.jpg 1 234 89 58 58
0021_0168_0126_0048_0048.jpg 1 168 126 48 48
0022_0043_0349_0068_0068.jpg 1 43 349 68 68
0023_0165_0205_0110_0110.jpg 1 165 205 110 110
0024_0110_0190_0248_0248.jpg 1 110 190 248 248
0025_0053_0154_0186_0186.jpg 1 53 154 186 186
0026_0085_0225_0128_0128.jpg 1 85 225 128 128
0027_0262_0202_0091_0091.jpg 1 262 202 91 91
0028_0198_0053_0082_0082.jpg 1 198 53 82 82
0029_0052_0041_0150_0150.jpg 1 52 41 150 150
0030_0159_0299_0169_0169.jpg 1 159 299 169 169
0031_0118_0152_0218_0218.jpg 1 118 152 218 218
0032_0186_0269_0180_0180.jpg 1 186 269 180 180
0033_0227_0120_0142_0142.jpg 1 227 120 142 142
0034_0313_0290_0083_0083.jpg 1 313 290 83 83
0035_0067_0075_0203_0203.jpg 1 67 75 203 203
0036_0269_0159_0195_0195.jpg 1 269 159 195 195
0037_0098_0131_0147_0147.jpg 1 98 131 147 147
0038_0155_0186_0067_0067.jpg 1 155 186 67 67
0039_0171_0259_0288_0288.jpg 1 171 259 288 288
0040_0348_0260_0120_0120.jpg 1 348 260 120 120
0041_0365_0119_0186_0186.jpg 1 365 119 186 186
0042_0045_0027_0244_0244.jpg 1 45 27 244 244
0043_0032_0122_0316_0316.jpg 1 32 122 316 316
0044_0087_0126_0325_0325.jpg 1 87 126 325 325
0045_0159_0063_0146_0146.jpg 1 159 63 146 146
0046_0193_0256_0175_0175.jpg 1 193 256 175 175
0047_0054_0019_0313_0313.jpg 1 54 19 313 313
0048_0417_0145_0139_0139.jpg 1 417 145 139 139
0049_0166_0147_0233_0233.jpg 1 166 147 233 233
0050_0235_0110_0034_0034.jpg 1 235 110 34 34
0051_0050_0401_0184_0184.jpg 1 50 401 184 184
0052_0408_0143_0123_0123.jpg 1 408 143 123 123
0053_0271_0127_0196_0196.jpg 1 271 127 196 196
0054_0162_0435_0064_0064.jpg 1 162 435 64 64
0055_0229_0183_0252_0252.jpg 1 229 183 252 252
0056_0049_0371_0217_0217.jpg 1 49 371 217 217
0057_0325_0252_0131_0131.jpg 1 325 252 131 131
0058_0061_0120_0331_0331.jpg 1 61 120 331 331
0059_0273_0183_0233_0233.jpg 1 273 183 233 233
0060_0229_0278_0096_0096.jpg 1 229 278 96 96
0061_0083_0195_0259_0259.jpg 1 83 195 259 259
0062_0200_0110_0207_0207.jpg 1 200 110 207 207
0063_0135_0116_0322_0322.jpg 1 135 116 322 322
0064_0189_0398_0032_0032.jpg 1 189 398 32 32
0065_0064_0383_0024_0024.jpg 1 64 383 24 24
0066_0505_0049_0073_0073.jpg 1 505 49 73 73
0067_0378_0304_0119_0119.jpg 1 378 304 119 119
0068_0371_0253_0063_0063.jpg 1 371 253 63 63
0069_0279_0090_0213_0213.jpg 1 279 90 213 213
0070_0234_0441_0057_0057.jpg 1 234 441 57 57
0071_0113_0326_0066_0066.jpg 1 113 326 66 66
0072_0106_0210_0328_0328.jpg 1 106 210 328 328
0073_0296_0061_0184_0184.jpg 1 296 61 184 184
0074_0312_0166_0156_0156.jpg 1 312 166 156 156
0075_0034_0312_0258_0258.jpg 1 34 312 258 258
0076_0105_0202_0319_0319.jpg 1 105 202 319 319
0077_0344_0249_0024_0024.jpg 1 344 249 24 24
0078_0139_0253_0084_0084.jpg 1 139 253 84 84
0079_0246_0019_0294_0294.jpg 1 246 19 294 294
0080_0278_0085_0279_0279.jpg 1 278 85 279 279
0081_0325_0098_0046_0046.jpg 1 325 98 46 46
0082_0136_0359_0033_0033.jpg 1 136 359 33 33
0083_0032_0177_0311_0311.jpg 1 32 177 311 311
0084_0190_0137_0173_0173.jpg 1 190 137 173 173
0085_0144_0127_0276_0276.jpg 1 144 127 276 276
0086_0195_0264_0194_0194.jpg 1 195 264 194 194
0087_0236_0185_0139_0139.jpg 1 236 185 139 139
0088_0068_0038_0205_0205.jpg 1 68 38 205 205
0089_0447_0269_0109_0109.jpg 1 447 269 109 109
0090_0258_0263_0098_0098.jpg 1 258 263 98 98
0091_0093_0046_0231_0231.jpg 1 93 46 231 231
0092_0265_0359_0041_0041.jpg 1 265 359 41 41
0093_0261_0411_0180_0180.jpg 1 261 411 180 180
0094_0104_0156_0289_0289.jpg 1 104 156 289 289
0095_0054_0298_0259_0259.jpg 1 54 298 259 259
0096_0133_0084_0247_0247.jpg 1 133 84 247 247
0097_0086_0168_0143_0143.jpg 1 86 168 143 143
0098_0118_0128_0222_0222.jpg 1 118 128 222 222
0099_0280_0047_0246_0246.jpg 1 280 47 246 246
0100_0152_0172_0249_0249.jpg 1 152 172 249 249
0101_0207_0152_0281_0281.jpg 1 207 152 281 281
0102_0269_0036_0283_0283.jpg 1 269 36 283 283
0103_0151_0239_0122_0122.jpg 1 151 239 122 122
0104_0323_0456_0047_0047.jpg 1 323 456 47 47
0105_0123_0359_0081_0081.jpg 1 123 359 81 81
0106_0066_0094_0301_0301.jpg 1 66 94 301 301
0107_0174_0103_0313_0313.jpg 1 174 103 313 313
0108_0219_0089_0302_0302.jpg 1 219 89 302 302
0109_0088_0065_0327_0327.jpg 1 88 65 327 327
0110_0107_0239_0062_0062.jpg 1 107 239 62 62
0111_0517_0271_0065_0065.jpg 1 517 271 65 65
0112_0080_0092_0285_0285.jpg 1 80 92 285 285
0113_0250_0293_0110_0110.jpg 1 250 293 110 110
0114_0417_0264_0122_0122.jpg 1 417 264 122 122
0115_0496_0128_0075_0075.jpg 1 496 128 75 75
0116_0256_0329_0098_0098.jpg 1 256 329 98 98
0117_0043_0022_0320_0320.jpg 1 43 22 320 320
0118_0069_0025_0298_0298.jpg 1 69 25 298 298
0119_0224_0176_0169_0169.jpg 1 224 176 169 169
0120_0062_0112_0127_0127.jpg 1 62 112 127 127
0121_0256_0120_0098_0098.jpg 1 256 120 98 98
0122_0132_0145_0086_0086.jpg 1 132 145 86 86
0123_0264_0052_0322_0322.jpg 1 264 52 322 322
0124_0182_0037_0266_0266.jpg 1 182 37 266 266
0125_0339_0030_0177_0177.jpg 1 339 30 177 177
0126_0203_0189_0172_0172.jpg 1 203 189 172 172
0127_0427_0145_0082_0082.jpg 1 427 145 82 82
0128_0021_0121_0197_0197.jpg 1 21 121 197 197
