0001_0358_0304_0085_0085.jpg 1 358 304 85 85
0002_0376_0147_0052_0052.jpg 1 376 147 52 52
0003_0151_0236_0194_0194.jpg 1 151 236 194 194
0004_0158_0158_0085_0085.jpg 1 158 158 85 85
0005_0238_0368_0205_0205.jpg 1 238 368 205 205
0006_0277_0163_0158_0158.jpg 1 277 163 158 158
0007_0226_0147_0263_0263.jpg 1 226 147 263 263
0008_0184_0109_0078_0078.jpg 1 184 109 78 78
0009_0065_0096_0107_0107.jpg 1 65 96 107 107
0010_0203_0069_0268_0268.jpg 1 203 69 268 268
0011_0147_0107_0203_0203.jpg 1 147 107 203 203
0012_0324_0168_0244_0244.jpg 1 324 168 244 244
0013_0137_0254_0202_0202.jpg 1 137 254 202 202
0014_0334_0174_0228_0228.jpg 1 334 174 228 228
0015_0298_0053_0231_0231.jpg 1 298 53 231 231
0016_0184_0237_0088_0088.jpg 1 184 237 88 88
0017_0254_0063_0194_0194.jpg 1 254 63 194 194
0018_0288_0226_0081_0081.jpg 1 288 226 81 81
0019_0107_0147_0183_0183.jpg 1 107 147 183 183
0020_0147_0044_0289_0289.jpg 1 147 44 289 289
0021_0200_0052_0079_0079.jpg 1 200 52 79 79
0022_0230_0099_0274_0274.jpg 1 230 99 274 274
0023_0099_0057_0287_0287.jpg 1 99 57 287 287
0024_0255_0205_0186_0186.jpg 1 255 205 186 186
0025_0494_0193_0063_0063.jpg 1 494 193 63 63
0026_0047_0256_0177_0177.jpg 1 47 256 177 177
0027_0127_0138_0143_0143.jpg 1 127 138 143 143
0028_0263_0237_0129_0129.jpg 1 263 237 129 129
0029_0165_0072_0285_0285.jpg 1 165 72 285 285
0030_0278_0369_0052_0052.jpg 1 278 369 52 52
0031_0124_0111_0285_0285.jpg 1 124 111 285 285
0032_0191_0042_0256_0256.jpg 1 191 42 256 256
0033_0073_0124_0246_0246.jpg 1 73 124 246 246
0034_0345_0357_0081_0081.jpg 1 345 357 81 81
0035_0315_0184_0058_0058.jpg 1 315 184 58 58
0036_0264_0080_0283_0283.jpg 1 264 80 283 283
0037_0193_0244_0202_0202.jpg 1 193 244 202 202
0038_0160_0225_0124_0124.jpg 1 160 225 124 124
0039_0466_0347_0065_0065.jpg 1 466 347 65 65
0040_0103_0341_0036_0036.jpg 1 103 341 36 36
0041_0522_0172_0048_0048.jpg 1 522 172 48 48
0042_0077_0159_0026_0026.jpg 1 77 159 26 26
0043_0169_0350_0055_0055.jpg 1 169 350 55 55
0044_0181_0215_0176_0176.jpg 1 181 215 176 176
0045_0231_0082_0219_0219.jpg 1 231 82 219 219
0046_0229_0289_0129_0129.jpg 1 229 289 129 129
0047_0211_0094_0314_0314.jpg 1 211 94 314 314
0048_0024_0216_0266_0266.jpg 1 24 216 266 266
0049_0205_0123_0328_0328.jpg 1 205 123 328 328
0050_0290_0168_0247_0247.jpg 1 290 168 247 247
0051_0179_0139_0062_0062.jpg 1 179 139 62 62
0052_0183_0242_0065_0065.jpg 1 183 242 65 65
0053_0440_0187_0037_0037.jpg 1 440 187 37 37
0054_0077_0036_0306_0306.jpg 1 77 36 306 306
0055_0421_0177_0172_0172.jpg 1 421 177 172 172
0056_0086_0277_0293_0293.jpg 1 86 277 293 293
0057_0342_0045_0052_0052.jpg 1 342 45 52 52
0058_0308_0172_0037_0037.jpg 1 308 172 37 37
0059_0204_0312_0123_0123.jpg 1 204 312 123 123
0060_0339_0231_0172_0172.jpg 1 339 231 172 172
0061_0316_0093_0143_0143.jpg 1 316 93 143 143
0062_0058_0064_0073_0073.jpg 1 58 64 73 73
0063_0407_0107_0163_0163.jpg 1 407 107 163 163
0064_0460_0045_0080_0080.jpg 1 460 45 80 80
0065_0355_0170_0232_0232.jpg 1 355 170 232 232
0066_0095_0044_0258_0258.jpg 1 95 44 258 258
0067_0320_0082_0158_0158.jpg 1 320 82 158 158
0068_0483_0077_0077_0077.jpg 1 483 77 77 77
0069_0070_0240_0334_0334.jpg 1 70 240 334 334
0070_0031_0070_0258_0258.jpg 1 31 70 258 258
0071_0234_0126_0289_0289.jpg 1 234 126 289 289
0072_0356_0157_0237_0237.jpg 1 356 157 237 237
0073_0523_0319_0058_0058.jpg 1 523 319 58 58
0074_0324_0072_0084_0084.jpg 1 324 72 84 84
0075_0316_0151_0197_0197.jpg 1 316 151 197 197
0076_0315_0090_0275_0275.jpg 1 315 90 275 275
0077_0169_0044_0252_0252.jpg 1 169 44 252 252
0078_0237_0134_0319_0319.jpg 1 237 134 319 319
0079_0252_0048_0318_0318.jpg 1 252 48 318 318
0080_0213_0156_0151_0151.jpg 1 213 156 151 151
0081_0349_0334_0047_0047.jpg 1 349 334 47 47
0082_0091_0488_0024_0024.jpg 1 91 488 24 24
0083_0152_0095_0207_0207.jpg 1 152 95 207 207
0084_0435_0298_0148_0148.jpg 1 435 298 148 148
0085_0126_0183_0267_0267.jpg 1 126 183 267 267
0086_0071_0052_0334_0334.jpg 1 71 52 334 334
0087_0140_0094_0155_0155.jpg 1 140 94 155 155
0088_0090_0158_0144_0144.jpg 1 90 158 144 144
0089_0062_0199_0258_0258.jpg 1 62 199 258 258
0090_0239_0074_0325_0325.jpg 1 239 74 325 325
0091_0478_0157_0061_0061.jpg 1 478 157 61 61
0092_0139_0083_0142_0142.jpg 1 139 83 142 142
0093_0295_0054_0215_0215.jpg 1 295 54 215 215
0094_0246_0279_0090_0090.jpg 1 246 279 90 90
0095_0165_0112_0032_0032.jpg 1 165 112 32 32
0096_0272_0129_0236_0236.jpg 1 272 129 236 236
0097_0202_0134_0302_0302.jpg 1 202 134 302 302
0098_0182_0282_0182_0182.jpg 1 182 282 182 182
0099_0431_0374_0053_0053.jpg 1 431 374 53 53
0100_0176_0036_0224_0224.jpg 1 176 36 224 224
0101_0148_0116_0298_0298.jpg 1 148 116 298 298
0102_0117_0081_0313_0313.jpg 1 117 81 313 313
0103_0341_0174_0219_0219.jpg 1 341 174 219 219
0104_0246_0061_0303_0303.jpg 1 246 61 303 303
0105_0120_0050_0163_0163.jpg 1 120 50 163 163
0106_0385_0125_0030_0030.jpg 1 385 125 30 30
0107_0494_0316_0050_0050.jpg 1 494 316 50 50
0108_0252_0091_0198_0198.jpg 1 252 91 198 198
0109_0186_0124_0041_0041.jpg 1 186 124 41 41
0110_0350_0030_0229_0229.jpg 1 350 30 229 229
0111_0358_0202_0189_0189.jpg 1 358 202 189 189
0112_0188_0187_0194_0194.jpg 1 188 187 194 194
0113_0038_0262_0291_0291.jpg 1 38 262 291 291
0114_0201_0126_0087_0087.jpg 1 201 126 87 87
0115_0126_0052_0174_0174.jpg 1 126 52 174 174
0116_0045_0465_0097_0097.jpg 1 45 465 97 97
0117_0378_0338_0090_0090.jpg 1 378 338 90 90
0118_0126_0486_0025_0025.jpg 1 126 486 25 25
0119_0458_0141_0061_0061.jpg 1 458 141 61 61
0120_0102_0074_0207_0207.jpg 1 102 74 207 207
0121_0099_0044_0203_0203.jpg 1 99 44 203 203
0122_0341_0086_0073_0073.jpg 1 341 86 73 73
0123_0064_0210_0239_0239.jpg 1 64 210 239 239
0124_0124_0083_0304_0304.jpg 1 124 83 304 304
0125_0101_0052_0323_0323.jpg 1 101 52 323 323
0126_0394_0066_0174_0174.jpg 1 394 66 174 174
0127_0455_0262_0116_0116.jpg 1 455 262 116 116
0128_0086_0332_0182_0182.jpg 1 86 332 182 182
