0001_0273_0235_0160_0160.jpg 1 273 235 160 160
0002_0236_0143_0257_0257.jpg 1 236 143 257 257
0003_0293_0179_0175_0175.jpg 1 293 179 175 175
0004_0106_0107_0051_0051.jpg 1 106 107 51 51
0005_0185_0048_0294_0294.jpg 1 185 48 294 294
0006_0152_0143_0242_0242.jpg 1 152 143 242 242
0007_0291_0230_0109_0109.jpg 1 291 230 109 109
0008_0178_0092_0068_0068.jpg 1 178 92 68 68
0009_0066_0377_0151_0151.jpg 1 66 377 151 151
0010_0482_0204_0091_0091.jpg 1 482 204 91 91
0011_0050_0136_0250_0250.jpg 1 50 136 250 250
0012_0311_0274_0035_0035.jpg 1 311 274 35 35
0013_0113_0214_0182_0182.jpg 1 113 214 182 182
0014_0433_0272_0115_0115.jpg 1 433 272 115 115
0015_0169_0218_0166_0166.jpg 1 169 218 166 166
0016_0047_0258_0157_0157.jpg 1 47 258 157 157
0017_0139_0322_0250_0250.jpg 1 139 322 250 250
0018_0247_0252_0072_0072.jpg 1 247 252 72 72
0019_0258_0186_0119_0119.jpg 1 258 186 119 119
0020_0394_0165_0065_0065.jpg 1 394 165 65 65
0021_0273_0136_0303_0303.jpg 1 273 136 303 303
0022_0256_0295_0083_0083.jpg 1 256 295 83 83
0023_0344_0145_0089_0089.jpg 1 344 145 89 89
0024_0130_0255_0212_0212.jpg 1 130 255 212 212
0025_0092_0042_0253_0253.jpg 1 92 42 253 253
0026_0186_0101_0072_0072.jpg 1 186 101 72 72
0027_0249_0141_0158_0158.jpg 1 249 141 158 158
0028_0161_0130_0245_0245.jpg 1 161 130 245 245
0029_0093_0073_0142_0142.jpg 1 93 73 142 142
0030_0082_0180_0067_0067.jpg 1 82 180 67 67
0031_0266_0288_0056_0056.jpg 1 266 288 56 56
0032_0360_0288_0070_0070.jpg 1 360 288 70 70
0033_0063_0392_0041_0041.jpg 1 63 392 41 41
0034_0064_0066_0157_0157.jpg 1 64 66 157 157
0035_0307_0110_0208_0208.jpg 1 307 110 208 208
0036_0299_0162_0091_0091.jpg 1 299 162 91 91
0037_0123_0112_0130_0130.jpg 1 123 112 130 130
0038_0088_0333_0266_0266.jpg 1 88 333 266 266
0039_0103_0134_0271_0271.jpg 1 103 134 271 271
0040_0263_0045_0332_0332.jpg 1 263 45 332 332
0041_0225_0220_0128_0128.jpg 1 225 220 128 128
0042_0186_0056_0115_0115.jpg 1 186 56 115 115
0043_0205_0075_0024_0024.jpg 1 205 75 24 24
0044_0217_0238_0145_0145.jpg 1 217 238 145 145
0045_0536_0332_0026_0026.jpg 1 536 332 26 26
0046_0163_0070_0279_0279.jpg 1 163 70 279 279
0047_0123_0163_0331_0331.jpg 1 123 163 331 331
0048_0112_0090_0265_0265.jpg 1 112 90 265 265
0049_0379_0180_0097_0097.jpg 1 379 180 97 97
0050_0085_0443_0113_0113.jpg 1 85 443 113 113
0051_0309_0135_0065_0065.jpg 1 309 135 65 65
0052_0126_0103_0183_0183.jpg 1 126 103 183 183
0053_0044_0066_0309_0309.jpg 1 44 66 309 309
0054_0207_0207_0235_0235.jpg 1 207 207 235 235
0055_0067_0104_0312_0312.jpg 1 67 104 312 312
0056_0250_0060_0321_0321.jpg 1 250 60 321 321
0057_0075_0164_0034_0034.jpg 1 75 164 34 34
0058_0426_0275_0115_0115.jpg 1 426 275 115 115
0059_0271_0059_0267_0267.jpg 1 271 59 267 267
0060_0054_0213_0237_0237.jpg 1 54 213 237 237
0061_0100_0181_0190_0190.jpg 1 100 181 190 190
0062_0065_0145_0056_0056.jpg 1 65 145 56 56
0063_0058_0224_0146_0146.jpg 1 58 224 146 146
0064_0213_0209_0212_0212.jpg 1 213 209 212 212
0065_0112_0084_0321_0321.jpg 1 112 84 321 321
0066_0185_0345_0025_0025.jpg 1 185 345 25 25
0067_0167_0078_0099_0099.jpg 1 167 78 99 99
0068_0106_0091_0304_0304.jpg 1 106 91 304 304
0069_0134_0133_0268_0268.jpg 1 134 133 268 268
0070_0251_0081_0255_0255.jpg 1 251 81 255 255
0071_0179_0118_0307_0307.jpg 1 179 118 307 307
0072_0073_0198_0091_0091.jpg 1 73 198 91 91
0073_0279_0209_0203_0203.jpg 1 279 209 203 203
0074_0222_0032_0304_0304.jpg 1 222 32 304 304
0075_0184_0258_0170_0170.jpg 1 184 258 170 170
0076_0119_0021_0327_0327.jpg 1 119 21 327 327
0077_0319_0113_0155_0155.jpg 1 319 113 155 155
0078_0150_0267_0258_0258.jpg 1 150 267 258 258
0079_0031_0035_0327_0327.jpg 1 31 35 327 327
0080_0268_0205_0196_0196.jpg 1 268 205 196 196
0081_0230_0053_0273_0273.jpg 1 230 53 273 273
0082_0199_0111_0297_0297.jpg 1 199 111 297 297
0083_0096_0088_0100_0100.jpg 1 96 88 100 100
0084_0065_0144_0301_0301.jpg 1 65 144 301 301
0085_0097_0238_0056_0056.jpg 1 97 238 56 56
0086_0058_0076_0308_0308.jpg 1 58 76 308 308
0087_0189_0106_0142_0142.jpg 1 189 106 142 142
0088_0224_0178_0124_0124.jpg 1 224 178 124 124
0089_0146_0062_0283_0283.jpg 1 146 62 283 283
0090_0051_0076_0044_0044.jpg 1 51 76 44 44
0091_0179_0129_0259_0259.jpg 1 179 129 259 259
0092_0215_0264_0040_0040.jpg 1 215 264 40 40
0093_0360_0250_0110_0110.jpg 1 360 250 110 110
0094_0434_0138_0069_0069.jpg 1 434 138 69 69
0095_0375_0231_0094_0094.jpg 1 375 231 94 94
0096_0064_0151_0127_0127.jpg 1 64 151 127 127
0097_0410_0332_0071_0071.jpg 1 410 332 71 71
0098_0109_0507_0026_0026.jpg 1 109 507 26 26
0099_0096_0177_0153_0153.jpg 1 96 177 153 153
0100_0080_0360_0237_0237.jpg 1 80 360 237 237
0101_0246_0394_0173_0173.jpg 1 246 394 173 173
0102_0224_0173_0204_0204.jpg 1 224 173 204 204
0103_0412_0201_0045_0045.jpg 1 412 201 45 45
0104_0301_0158_0243_0243.jpg 1 301 158 243 243
0105_0359_0294_0092_0092.jpg 1 359 294 92 92
0106_0131_0293_0079_0079.jpg 1 131 293 79 79
0107_0273_0054_0102_0102.jpg 1 273 54 102 102
0108_0187_0131_0193_0193.jpg 1 187 131 193 193
0109_0350_0052_0246_0246.jpg 1 350 52 246 246
0110_0270_0345_0134_0134.jpg 1 270 345 134 134
0111_0331_0312_0066_0066.jpg 1 331 312 66 66
0112_0204_0095_0210_0210.jpg 1 204 95 210 210
0113_0448_0225_0038_0038.jpg 1 448 225 38 38
0114_0099_0021_0314_0314.jpg 1 99 21 314 314
0115_0353_0129_0095_0095.jpg 1 353 129 95 95
0116_0175_0284_0215_0215.jpg 1 175 284 215 215
0117_0366_0141_0154_0154.jpg 1 366 141 154 154
0118_0246_0148_0278_0278.jpg 1 246 148 278 278
0119_0384_0239_0029_0029.jpg 1 384 239 29 29
0120_0284_0227_0184_0184.jpg 1 284 227 184 184
0121_0050_0211_0173_0173.jpg 1 50 211 173 173
0122_0221_0231_0156_0156.jpg 1 221 231 156 156
0123_0074_0272_0105_0105.jpg 1 74 272 105 105
0124_0214_0137_0129_0129.jpg 1 214 137 129 129
0125_0214_0092_0325_0325.jpg 1 214 92 325 325
0126_0376_0087_0195_0195.jpg 1 376 87 195 195
0127_0228_0056_0279_0279.jpg 1 228 56 279 279
0128_0105_0050_0330_0330.jpg 1 105 50 330 330
