0001_0200_0173_0234_0234.jpg 1 200 173 234 234
0002_0199_0025_0303_0303.jpg 1 199 25 303 303
0003_0106_0111_0308_0308.jpg 1 106 111 308 308
0004_0141_0140_0324_0324.jpg 1 141 140 324 324
0005_0062_0117_0225_0225.jpg 1 62 117 225 225
0006_0030_0035_0331_0331.jpg 1 30 35 331 331
0007_0280_0157_0276_0276.jpg 1 280 157 276 276
0008_0072_0042_0204_0204.jpg 1 72 42 204 204
0009_0329_0182_0094_0094.jpg 1 329 182 94 94
0010_0126_0031_0327_0327.jpg 1 126 31 327 327
0011_0383_0342_0095_0095.jpg 1 383 342 95 95
0012_0342_0142_0152_0152.jpg 1 342 142 152 152
0013_0388_0077_0089_0089.jpg 1 388 77 89 89
0014_0202_0027_0309_0309.jpg 1 202 27 309 309
0015_0219_0287_0163_0163.jpg 1 219 287 163 163
0016_0351_0035_0196_0196.jpg 1 351 35 196 196
0017_0122_0068_0150_0150.jpg 1 122 68 150 150
0018_0405_0215_0108_0108.jpg 1 405 215 108 108
0019_0208_0073_0292_0292.jpg 1 208 73 292 292
0020_0268_0185_0142_0142.jpg 1 268 185 142 142
0021_0310_0231_0058_0058.jpg 1 310 231 58 58
0022_0244_0299_0082_0082.jpg 1 244 299 82 82
0023_0120_0058_0310_0310.jpg 1 120 58 310 310
0024_0078_0089_0316_0316.jpg 1 78 89 316 316
0025_0120_0077_0251_0251.jpg 1 120 77 251 251
0026_0178_0077_0236_0236.jpg 1 178 77 236 236
0027_0281_0217_0230_0230.jpg 1 281 217 230 230
0028_0351_0248_0186_0186.jpg 1 351 248 186 186
0029_0142_0252_0105_0105.jpg 1 142 252 105 105
0030_0146_0170_0146_0146.jpg 1 146 170 146 146
0031_0310_0260_0131_0131.jpg 1 310 260 131 131
0032_0114_0328_0097_0097.jpg 1 114 328 97 97
0033_0128_0199_0164_0164.jpg 1 128 199 164 164
0034_0358_0321_0033_0033.jpg 1 358 321 33 33
0035_0350_0093_0097_0097.jpg 1 350 93 97 97
0036_0194_0135_0311_0311.jpg 1 194 135 311 311
0037_0255_0143_0222_0222.jpg 1 255 143 222 222
0038_0322_0162_0100_0100.jpg 1 322 162 100 100
0039_0194_0064_0259_0259.jpg 1 194 64 259 259
0040_0266_0110_0302_0302.jpg 1 266 110 302 302
0041_0440_0194_0030_0030.jpg 1 440 194 30 30
0042_0193_0070_0137_0137.jpg 1 193 70 137 137
0043_0075_0196_0075_0075.jpg 1 75 196 75 75
0044_0384_0068_0046_0046.jpg 1 384 68 46 46
0045_0282_0079_0202_0202.jpg 1 282 79 202 202
0046_0039_0115_0269_0269.jpg 1 39 115 269 269
0047_0249_0063_0130_0130.jpg 1 249 63 130 130
0048_0081_0196_0121_0121.jpg 1 81 196 121 121
0049_0124_0224_0303_0303.jpg 1 124 224 303 303
0050_0161_0101_0123_0123.jpg 1 161 101 123 123
0051_0135_0177_0094_0094.jpg 1 135 177 94 94
0052_0154_0081_0252_0252.jpg 1 154 81 252 252
0053_0110_0158_0172_0172.jpg 1 110 158 172 172
0054_0166_0270_0192_0192.jpg 1 166 270 192 192
0055_0162_0149_0079_0079.jpg 1 162 149 79 79
0056_0215_0196_0054_0054.jpg 1 215 196 54 54
0057_0127_0103_0239_0239.jpg 1 127 103 239 239
0058_0118_0052_0310_0310.jpg 1 118 52 310 310
0059_0283_0135_0043_0043.jpg 1 283 135 43 43
0060_0132_0088_0292_0292.jpg 1 132 88 292 292
0061_0397_0221_0149_0149.jpg 1 397 221 149 149
0062_0247_0088_0076_0076.jpg 1 247 88 76 76
0063_0154_0087_0266_0266.jpg 1 154 87 266 266
0064_0064_0031_0249_0249.jpg 1 64 31 249 249
0065_0211_0045_0295_0295.jpg 1 211 45 295 295
0066_0338_0285_0099_0099.jpg 1 338 285 99 99
0067_0520_0256_0037_0037.jpg 1 520 256 37 37
0068_0393_0180_0187_0187.jpg 1 393 180 187 187
0069_0315_0176_0238_0238.jpg 1 315 176 238 238
0070_0115_0041_0325_0325.jpg 1 115 41 325 325
0071_0123_0048_0221_0221.jpg 1 123 48 221 221
0072_0138_0223_0222_0222.jpg 1 138 223 222 222
0073_0491_0076_0028_0028.jpg 1 491 76 28 28
0074_0448_0122_0139_0139.jpg 1 448 122 139 139
0075_0165_0082_0327_0327.jpg 1 165 82 327 327
0076_0103_0049_0110_0110.jpg 1 103 49 110 110
0077_0302_0204_0198_0198.jpg 1 302 204 198 198
0078_0390_0048_0105_0105.jpg 1 390 48 105 105
0079_0142_0120_0293_0293.jpg 1 142 120 293 293
0080_0183_0088_0200_0200.jpg 1 183 88 200 200
0081_0211_0084_0319_0319.jpg 1 211 84 319 319
0082_0118_0323_0211_0211.jpg 1 118 323 211 211
0083_0364_0185_0073_0073.jpg 1 364 185 73 73
0084_0080_0111_0194_0194.jpg 1 80 111 194 194
0085_0192_0191_0129_0129.jpg 1 192 191 129 129
0086_0200_0178_0201_0201.jpg 1 200 178 201 201
0087_0268_0129_0128_0128.jpg 1 268 129 128 128
0088_0098_0407_0077_0077.jpg 1 98 407 77 77
0089_0162_0265_0283_0283.jpg 1 162 265 283 283
0090_0124_0174_0097_0097.jpg 1 124 174 97 97
0091_0156_0393_0024_0024.jpg 1 156 393 24 24
0092_0040_0183_0272_0272.jpg 1 40 183 272 272
0093_0260_0164_0161_0161.jpg 1 260 164 161 161
0094_0074_0247_0139_0139.jpg 1 74 247 139 139
0095_0191_0259_0070_0070.jpg 1 191 259 70 70
0096_0253_0105_0244_0244.jpg 1 253 105 244 244
0097_0116_0273_0267_0267.jpg 1 116 273 267 267
0098_0179_0052_0329_0329.jpg 1 179 52 329 329
0099_0207_0093_0077_0077.jpg 1 207 93 77 77
0100_0050_0201_0117_0117.jpg 1 50 201 117 117
0101_0427_0194_0086_0086.jpg 1 427 194 86 86
0102_0411_0212_0117_0117.jpg 1 411 212 117 117
0103_0373_0160_0151_0151.jpg 1 373 160 151 151
0104_0074_0264_0297_0297.jpg 1 74 264 297 297
0105_0144_0118_0272_0272.jpg 1 144 118 272 272
0106_0115_0166_0153_0153.jpg 1 115 166 153 153
0107_0069_0351_0072_0072.jpg 1 69 351 72 72
0108_0048_0034_0241_0241.jpg 1 48 34 241 241
0109_0057_0228_0236_0236.jpg 1 57 228 236 236
0110_0469_0218_0103_0103.jpg 1 469 218 103 103
0111_0189_0363_0058_0058.jpg 1 189 363 58 58
0112_0072_0097_0297_0297.jpg 1 72 97 297 297
0113_0156_0128_0198_0198.jpg 1 156 128 198 198
0114_0227_0171_0098_0098.jpg 1 227 171 98 98
0115_0495_0235_0067_0067.jpg 1 495 235 67 67
0116_0171_0417_0126_0126.jpg 1 171 417 126 126
0117_0319_0080_0052_0052.jpg 1 319 80 52 52
0118_0160_0094_0314_0314.jpg 1 160 94 314 314
0119_0142_0233_0189_0189.jpg 1 142 233 189 189
0120_0099_0217_0208_0208.jpg 1 99 217 208 208
0121_0150_0241_0065_0065.jpg 1 150 241 65 65
0122_0204_0026_0234_0234.jpg 1 204 26 234 234
0123_0086_0039_0314_0314.jpg 1 86 39 314 314
0124_0497_0065_0067_0067.jpg 1 497 65 67 67
0125_0284_0063_0246_0246.jpg 1 284 63 246 246
0126_0087_0326_0089_0089.jpg 1 87 326 89 89
0127_0233_0190_0203_0203.jpg 1 233 190 203 203
0128_0270_0166_0245_0245.jpg 1 270 166 245 245
