0001_0343_0188_0127_0127.jpg 1 343 188 127 127
0002_0244_0217_0217_0217.jpg 1 244 217 217 217
0003_0312_0035_0135_0135.jpg 1 312 35 135 135
0004_0335_0467_0039_0039.jpg 1 335 467 39 39
0005_0040_0271_0286_0286.jpg 1 40 271 286 286
0006_0324_0260_0080_0080.jpg 1 324 260 80 80
0007_0242_0128_0242_0242.jpg 1 242 128 242 242
0008_0121_0055_0119_0119.jpg 1 121 55 119 119
0009_0298_0219_0184_0184.jpg 1 298 219 184 184
0010_0296_0225_0094_0094.jpg 1 296 225 94 94
0011_0266_0039_0145_0145.jpg 1 266 39 145 145
0012_0246_0164_0121_0121.jpg 1 246 164 121 121
0013_0197_0120_0292_0292.jpg 1 197 120 292 292
0014_0072_0101_0059_0059.jpg 1 72 101 59 59
0015_0451_0101_0138_0138.jpg 1 451 101 138 138
0016_0133_0021_0315_0315.jpg 1 133 21 315 315
0017_0310_0200_0196_0196.jpg 1 310 200 196 196
0018_0404_0098_0128_0128.jpg 1 404 98 128 128
0019_0285_0188_0072_0072.jpg 1 285 188 72 72
0020_0106_0189_0222_0222.jpg 1 106 189 222 222
0021_0123_0357_0238_0238.jpg 1 123 357 238 238
0022_0171_0043_0310_0310.jpg 1 171 43 310 310
0023_0323_0049_0197_0197.jpg 1 323 49 197 197
0024_0266_0033_0294_0294.jpg 1 266 33 294 294
0025_0369_0227_0192_0192.jpg 1 369 227 192 192
0026_0070_0103_0279_0279.jpg 1 70 103 279 279
0027_0281_0140_0053_0053.jpg 1 281 140 53 53
0028_0109_0213_0122_0122.jpg 1 109 213 122 122
0029_0373_0343_0060_0060.jpg 1 373 343 60 60
0030_0365_0381_0059_0059.jpg 1 365 381 59 59
0031_0304_0076_0064_0064.jpg 1 304 76 64 64
0032_0328_0065_0250_0250.jpg 1 328 65 250 250
0033_0095_0101_0321_0321.jpg 1 95 101 321 321
0034_0184_0115_0210_0210.jpg 1 184 115 210 210
0035_0204_0040_0093_0093.jpg 1 204 40 93 93
0036_0195_0180_0154_0154.jpg 1 195 180 154 154
0037_0138_0051_0293_0293.jpg 1 138 51 293 293
0038_0066_0116_0209_0209.jpg 1 66 116 209 209
0039_0128_0168_0253_0253.jpg 1 128 168 253 253
0040_0095_0441_0126_0126.jpg 1 95 441 126 126
0041_0130_0305_0234_0234.jpg 1 130 305 234 234
0042_0525_0386_0042_0042.jpg 1 525 386 42 42
0043_0063_0305_0241_0241.jpg 1 63 305 241 241
0044_0324_0193_0084_0084.jpg 1 324 193 84 84
0045_0170_0305_0065_0065.jpg 1 170 305 65 65
0046_0110_0270_0032_0032.jpg 1 110 270 32 32
0047_0165_0234_0203_0203.jpg 1 165 234 203 203
0048_0227_0175_0137_0137.jpg 1 227 175 137 137
0049_0095_0066_0153_0153.jpg 1 95 66 153 153
0050_0124_0479_0099_0099.jpg 1 124 479 99 99
0051_0339_0075_0218_0218.jpg 1 339 75 218 218
0052_0472_0260_0090_0090.jpg 1 472 260 90 90
0053_0096_0120_0254_0254.jpg 1 96 120 254 254
0054_0226_0299_0059_0059.jpg 1 226 299 59 59
0055_0073_0095_0315_0315.jpg 1 73 95 315 315
0056_0165_0481_0089_0089.jpg 1 165 481 89 89
0057_0334_0356_0031_0031.jpg 1 334 356 31 31
0058_0336_0037_0154_0154.jpg 1 336 37 154 154
0059_0250_0109_0272_0272.jpg 1 250 109 272 272
0060_0053_0163_0266_0266.jpg 1 53 163 266 266
0061_0112_0164_0209_0209.jpg 1 112 164 209 209
0062_0287_0166_0176_0176.jpg 1 287 166 176 176
0063_0241_0162_0234_0234.jpg 1 241 162 234 234
0064_0151_0153_0251_0251.jpg 1 151 153 251 251
0065_0264_0109_0269_0269.jpg 1 264 109 269 269
0066_0296_0050_0210_0210.jpg 1 296 50 210 210
0067_0190_0116_0296_0296.jpg 1 190 116 296 296
0068_0080_0147_0310_0310.jpg 1 80 147 310 310
0069_0360_0148_0219_0219.jpg 1 360 148 219 219
0070_0429_0225_0134_0134.jpg 1 429 225 134 134
0071_0284_0057_0139_0139.jpg 1 284 57 139 139
0072_0408_0230_0079_0079.jpg 1 408 230 79 79
0073_0309_0048_0090_0090.jpg 1 309 48 90 90
0074_0300_0058_0221_0221.jpg 1 300 58 221 221
0075_0302_0361_0030_0030.jpg 1 302 361 30 30
0076_0515_0092_0042_0042.jpg 1 515 92 42 42
0077_0175_0204_0238_0238.jpg 1 175 204 238 238
0078_0069_0057_0277_0277.jpg 1 69 57 277 277
0079_0257_0329_0057_0057.jpg 1 257 329 57 57
0080_0164_0149_0096_0096.jpg 1 164 149 96 96
0081_0238_0125_0270_0270.jpg 1 238 125 270 270
0082_0157_0183_0142_0142.jpg 1 157 183 142 142
0083_0135_0207_0115_0115.jpg 1 135 207 115 115
0084_0211_0061_0143_0143.jpg 1 211 61 143 143
0085_0114_0305_0054_0054.jpg 1 114 305 54 54
0086_0057_0101_0198_0198.jpg 1 57 101 198 198
0087_0125_0157_0291_0291.jpg 1 125 157 291 291
0088_0525_0236_0047_0047.jpg 1 525 236 47 47
0089_0126_0093_0173_0173.jpg 1 126 93 173 173
0090_0270_0079_0315_0315.jpg 1 270 79 315 315
0091_0127_0108_0276_0276.jpg 1 127 108 276 276
0092_0099_0043_0315_0315.jpg 1 99 43 315 315
0093_0078_0057_0251_0251.jpg 1 78 57 251 251
0094_0072_0100_0307_0307.jpg 1 72 100 307 307
0095_0085_0223_0289_0289.jpg 1 85 223 289 289
0096_0364_0265_0071_0071.jpg 1 364 265 71 71
0097_0126_0103_0283_0283.jpg 1 126 103 283 283
0098_0156_0317_0078_0078.jpg 1 156 317 78 78
0099_0131_0054_0055_0055.jpg 1 131 54 55 55
0100_0252_0260_0179_0179.jpg 1 252 260 179 179
0101_0157_0192_0221_0221.jpg 1 157 192 221 221
0102_0367_0151_0213_0213.jpg 1 367 151 213 213
0103_0125_0212_0120_0120.jpg 1 125 212 120 120
0104_0389_0257_0034_0034.jpg 1 389 257 34 34
0105_0229_0291_0117_0117.jpg 1 229 291 117 117
0106_0370_0127_0050_0050.jpg 1 370 127 50 50
0107_0258_0110_0277_0277.jpg 1 258 110 277 277
0108_0356_0097_0031_0031.jpg 1 356 97 31 31
0109_0062_0139_0172_0172.jpg 1 62 139 172 172
0110_0252_0372_0147_0147.jpg 1 252 372 147 147
0111_0082_0121_0239_0239.jpg 1 82 121 239 239
0112_0203_0042_0226_0226.jpg 1 203 42 226 226
0113_0148_0075_0319_0319.jpg 1 148 75 319 319
0114_0044_0151_0292_0292.jpg 1 44 151 292 292
0115_0466_0175_0035_0035.jpg 1 466 175 35 35
0116_0185_0224_0227_0227.jpg 1 185 224 227 227
0117_0228_0267_0115_0115.jpg 1 228 267 115 115
0118_0110_0118_0259_0259.jpg 1 110 118 259 259
0119_0365_0246_0024_0024.jpg 1 365 246 24 24
0120_0378_0225_0182_0182.jpg 1 378 225 182 182
0121_0205_0061_0052_0052.jpg 1 205 61 52 52
0122_0099_0110_0301_0301.jpg 1 99 110 301 301
0123_0048_0057_0311_0311.jpg 1 48 57 311 311
0124_0212_0068_0050_0050.jpg 1 212 68 50 50
0125_0214_0079_0216_0216.jpg 1 214 79 216 216
0126_0075_0060_0182_0182.jpg 1 75 60 182 182
0127_0330_0423_0075_0075.jpg 1 330 423 75 75
0128_0442_0062_0117_0117.jpg 1 442 62 117 117
