0001_0261_0140_0201_0201.jpg 1 261 140 201 201
0002_0208_0071_0264_0264.jpg 1 208 71 264 264
0003_0066_0212_0270_0270.jpg 1 66 212 270 270
0004_0104_0079_0317_0317.jpg 1 104 79 317 317
0005_0140_0082_0071_0071.jpg 1 140 82 71 71
0006_0330_0212_0035_0035.jpg 1 330 212 35 35
0007_0023_0279_0299_0299.jpg 1 23 279 299 299
0008_0353_0189_0198_0198.jpg 1 353 189 198 198
0009_0335_0153_0169_0169.jpg 1 335 153 169 169
0010_0102_0174_0247_0247.jpg 1 102 174 247 247
0011_0077_0187_0253_0253.jpg 1 77 187 253 253
0012_0182_0223_0221_0221.jpg 1 182 223 221 221
0013_0454_0300_0069_0069.jpg 1 454 300 69 69
0014_0447_0105_0123_0123.jpg 1 447 105 123 123
0015_0228_0296_0024_0024.jpg 1 228 296 24 24
0016_0159_0127_0196_0196.jpg 1 159 127 196 196
0017_0177_0174_0230_0230.jpg 1 177 174 230 230
0018_0167_0041_0276_0276.jpg 1 167 41 276 276
0019_0157_0210_0039_0039.jpg 1 157 210 39 39
0020_0286_0131_0054_0054.jpg 1 286 131 54 54
0021_0228_0415_0139_0139.jpg 1 228 415 139 139
0022_0248_0198_0169_0169.jpg 1 248 198 169 169
0023_0227_0225_0104_0104.jpg 1 227 225 104 104
0024_0327_0213_0028_0028.jpg 1 327 213 28 28
0025_0345_0310_0104_0104.jpg 1 345 310 104 104
0026_0327_0133_0138_0138.jpg 1 327 133 138 138
0027_0174_0108_0024_0024.jpg 1 174 108 24 24
0028_0118_0155_0266_0266.jpg 1 118 155 266 266
0029_0155_0059_0218_0218.jpg 1 155 59 218 218
0030_0308_0399_0029_0029.jpg 1 308 399 29 29
0031_0083_0321_0043_0043.jpg 1 83 321 43 43
0032_0226_0170_0166_0166.jpg 1 226 170 166 166
0033_0055_0082_0331_0331.jpg 1 55 82 331 331
0034_0086_0128_0283_0283.jpg 1 86 128 283 283
0035_0057_0093_0284_0284.jpg 1 57 93 284 284
0036_0084_0056_0303_0303.jpg 1 84 56 303 303
0037_0197_0126_0306_0306.jpg 1 197 126 306 306
0038_0257_0178_0169_0169.jpg 1 257 178 169 169
0039_0362_0287_0096_0096.jpg 1 362 287 96 96
0040_0120_0040_0208_0208.jpg 1 120 40 208 208
0041_0288_0064_0096_0096.jpg 1 288 64 96 96
0042_0304_0052_0284_0284.jpg 1 304 52 284 284
0043_0062_0193_0112_0112.jpg 1 62 193 112 112
0044_0030_0103_0313_0313.jpg 1 30 103 313 313
0045_0156_0177_0261_0261.jpg 1 156 177 261 261
0046_0317_0193_0190_0190.jpg 1 317 193 190 190
0047_0075_0167_0302_0302.jpg 1 75 167 302 302
0048_0305_0164_0149_0149.jpg 1 305 164 149 149
0049_0385_0279_0075_0075.jpg 1 385 279 75 75
0050_0072_0249_0088_0088.jpg 1 72 249 88 88
0051_0459_0264_0040_0040.jpg 1 459 264 40 40
0052_0153_0309_0132_0132.jpg 1 153 309 132 132
0053_0220_0306_0067_0067.jpg 1 220 306 67 67
0054_0283_0059_0292_0292.jpg 1 283 59 292 292
0055_0086_0035_0332_0332.jpg 1 86 35 332 332
0056_0450_0103_0058_0058.jpg 1 450 103 58 58
0057_0314_0119_0025_0025.jpg 1 314 119 25 25
0058_0356_0169_0131_0131.jpg 1 356 169 131 131
0059_0371_0298_0044_0044.jpg 1 371 298 44 44
0060_0120_0091_0262_0262.jpg 1 120 91 262 262
0061_0207_0070_0134_0134.jpg 1 207 70 134 134
0062_0189_0104_0261_0261.jpg 1 189 104 261 261
0063_0088_0184_0171_0171.jpg 1 88 184 171 171
0064_0211_0061_0126_0126.jpg 1 211 61 126 126
0065_0039_0050_0293_0293.jpg 1 39 50 293 293
0066_0131_0029_0285_0285.jpg 1 131 29 285 285
0067_0391_0305_0118_0118.jpg 1 391 305 118 118
0068_0273_0137_0171_0171.jpg 1 273 137 171 171
0069_0098_0076_0333_0333.jpg 1 98 76 333 333
0070_0326_0065_0150_0150.jpg 1 326 65 150 150
0071_0026_0092_0329_0329.jpg 1 26 92 329 329
0072_0269_0094_0284_0284.jpg 1 269 94 284 284
0073_0525_0122_0053_0053.jpg 1 525 122 53 53
0074_0253_0283_0130_0130.jpg 1 253 283 130 130
0075_0519_0128_0053_0053.jpg 1 519 128 53 53
0076_0126_0276_0173_0173.jpg 1 126 276 173 173
0077_0418_0166_0163_0163.jpg 1 418 166 163 163
0078_0413_0281_0040_0040.jpg 1 413 281 40 40
0079_0294_0349_0114_0114.jpg 1 294 349 114 114
0080_0266_0060_0143_0143.jpg 1 266 60 143 143
0081_0246_0145_0276_0276.jpg 1 246 145 276 276
0082_0254_0299_0038_0038.jpg 1 254 299 38 38
0083_0107_0314_0177_0177.jpg 1 107 314 177 177
0084_0071_0217_0220_0220.jpg 1 71 217 220 220
0085_0228_0243_0200_0200.jpg 1 228 243 200 200
0086_0311_0353_0082_0082.jpg 1 311 353 82 82
0087_0379_0265_0161_0161.jpg 1 379 265 161 161
0088_0120_0049_0089_0089.jpg 1 120 49 89 89
0089_0243_0080_0251_0251.jpg 1 243 80 251 251
0090_0083_0179_0254_0254.jpg 1 83 179 254 254
0091_0309_0044_0262_0262.jpg 1 309 44 262 262
0092_0347_0086_0210_0210.jpg 1 347 86 210 210
0093_0192_0272_0142_0142.jpg 1 192 272 142 142
0094_0087_0237_0096_0096.jpg 1 87 237 96 96
0095_0137_0126_0213_0213.jpg 1 137 126 213 213
0096_0084_0177_0179_0179.jpg 1 84 177 179 179
0097_0323_0157_0260_0260.jpg 1 323 157 260 260
0098_0136_0198_0100_0100.jpg 1 136 198 100 100
0099_0275_0163_0294_0294.jpg 1 275 163 294 294
0100_0323_0125_0159_0159.jpg 1 323 125 159 159
0101_0146_0043_0119_0119.jpg 1 146 43 119 119
0102_0050_0141_0298_0298.jpg 1 50 141 298 298
0103_0115_0090_0319_0319.jpg 1 115 90 319 319
0104_0337_0203_0193_0193.jpg 1 337 203 193 193
0105_0403_0092_0033_0033.jpg 1 403 92 33 33
0106_0328_0176_0111_0111.jpg 1 328 176 111 111
0107_0226_0045_0151_0151.jpg 1 226 45 151 151
0108_0084_0299_0258_0258.jpg 1 84 299 258 258
0109_0160_0186_0266_0266.jpg 1 160 186 266 266
0110_0194_0153_0274_0274.jpg 1 194 153 274 274
0111_0189_0113_0314_0314.jpg 1 189 113 314 314
0112_0088_0142_0052_0052.jpg 1 88 142 52 52
0113_0148_0137_0244_0244.jpg 1 148 137 244 244
0114_0091_0270_0159_0159.jpg 1 91 270 159 159
0115_0195_0059_0335_0335.jpg 1 195 59 335 335
0116_0343_0079_0119_0119.jpg 1 343 79 119 119
0117_0091_0177_0187_0187.jpg 1 91 177 187 187
0118_0140_0164_0146_0146.jpg 1 140 164 146 146
0119_0341_0261_0101_0101.jpg 1 341 261 101 101
0120_0387_0214_0076_0076.jpg 1 387 214 76 76
0121_0143_0148_0308_0308.jpg 1 143 148 308 308
0122_0176_0264_0164_0164.jpg 1 176 264 164 164
0123_0119_0086_0294_0294.jpg 1 119 86 294 294
0124_0161_0157_0174_0174.jpg 1 161 157 174 174
0125_0152_0134_0297_0297.jpg 1 152 134 297 297
0126_0199_0062_0282_0282.jpg 1 199 62 282 282
0127_0210_0288_0157_0157.jpg 1 210 288 157 157
0128_0064_0104_0327_0327.jpg 1 64 104 327 327
