0001_0083_0337_0260_0260.jpg 1 83 337 260 260
0002_0352_0205_0050_0050.jpg 1 352 205 50 50
0003_0141_0178_0283_0283.jpg 1 141 178 283 283
0004_0215_0047_0237_0237.jpg 1 215 47 237 237
0005_0020_0033_0324_0324.jpg 1 20 33 324 324
0006_0362_0213_0231_0231.jpg 1 362 213 231 231
0007_0252_0092_0264_0264.jpg 1 252 92 264 264
0008_0158_0264_0113_0113.jpg 1 158 264 113 113
0009_0144_0121_0316_0316.jpg 1 144 121 316 316
0010_0164_0135_0309_0309.jpg 1 164 135 309 309
0011_0132_0305_0257_0257.jpg 1 132 305 257 257
0012_0274_0064_0188_0188.jpg 1 274 64 188 188
0013_0146_0287_0232_0232.jpg 1 146 287 232 232
0014_0080_0213_0079_0079.jpg 1 80 213 79 79
0015_0233_0214_0031_0031.jpg 1 233 214 31 31
0016_0259_0182_0070_0070.jpg 1 259 182 70 70
0017_0262_0060_0102_0102.jpg 1 262 60 102 102
0018_0148_0354_0210_0210.jpg 1 148 354 210 210
0019_0256_0078_0304_0304.jpg 1 256 78 304 304
0020_0191_0071_0231_0231.jpg 1 191 71 231 231
0021_0051_0114_0296_0296.jpg 1 51 114 296 296
0022_0192_0191_0261_0261.jpg 1 192 191 261 261
0023_0398_0080_0085_0085.jpg 1 398 80 85 85
0024_0297_0092_0226_0226.jpg 1 297 92 226 226
0025_0065_0106_0233_0233.jpg 1 65 106 233 233
0026_0058_0227_0130_0130.jpg 1 58 227 130 130
0027_0144_0045_0216_0216.jpg 1 144 45 216 216
0028_0332_0066_0265_0265.jpg 1 332 66 265 265
0029_0154_0124_0085_0085.jpg 1 154 124 85 85
0030_0101_0237_0066_0066.jpg 1 101 237 66 66
0031_0239_0075_0275_0275.jpg 1 239 75 275 275
0032_0288_0269_0047_0047.jpg 1 288 269 47 47
0033_0063_0130_0066_0066.jpg 1 63 130 66 66
0034_0086_0105_0302_0302.jpg 1 86 105 302 302
0035_0321_0177_0090_0090.jpg 1 321 177 90 90
0036_0153_0102_0301_0301.jpg 1 153 102 301 301
0037_0148_0261_0064_0064.jpg 1 148 261 64 64
0038_0072_0428_0053_0053.jpg 1 72 428 53 53
0039_0127_0069_0260_0260.jpg 1 127 69 260 260
0040_0261_0129_0194_0194.jpg 1 261 129 194 194
0041_0213_0162_0236_0236.jpg 1 213 162 236 236
0042_0384_0204_0189_0189.jpg 1 384 204 189 189
0043_0139_0079_0231_0231.jpg 1 139 79 231 231
0044_0233_0077_0122_0122.jpg 1 233 77 122 122
0045_0023_0100_0334_0334.jpg 1 23 100 334 334
0046_0061_0195_0283_0283.jpg 1 61 195 283 283
0047_0355_0037_0173_0173.jpg 1 355 37 173 173
0048_0293_0165_0243_0243.jpg 1 293 165 243 243
0049_0042_0221_0231_0231.jpg 1 42 221 231 231
0050_0039_0036_0295_0295.jpg 1 39 36 295 295
0051_0070_0069_0202_0202.jpg 1 70 69 202 202
0052_0148_0238_0074_0074.jpg 1 148 238 74 74
0053_0371_0196_0140_0140.jpg 1 371 196 140 140
0054_0155_0141_0308_0308.jpg 1 155 141 308 308
0055_0285_0121_0049_0049.jpg 1 285 121 49 49
0056_0337_0108_0230_0230.jpg 1 337 108 230 230
0057_0123_0072_0035_0035.jpg 1 123 72 35 35
0058_0183_0089_0228_0228.jpg 1 183 89 228 228
0059_0118_0136_0206_0206.jpg 1 118 136 206 206
0060_0118_0232_0326_0326.jpg 1 118 232 326 326
0061_0172_0068_0326_0326.jpg 1 172 68 326 326
0062_0387_0245_0128_0128.jpg 1 387 245 128 128
0063_0121_0211_0056_0056.jpg 1 121 211 56 56
0064_0205_0035_0303_0303.jpg 1 205 35 303 303
0065_0457_0229_0070_0070.jpg 1 457 229 70 70
0066_0071_0219_0127_0127.jpg 1 71 219 127 127
0067_0070_0073_0218_0218.jpg 1 70 73 218 218
0068_0089_0185_0139_0139.jpg 1 89 185 139 139
0069_0105_0167_0283_0283.jpg 1 105 167 283 283
0070_0435_0046_0134_0134.jpg 1 435 46 134 134
0071_0189_0209_0218_0218.jpg 1 189 209 218 218
0072_0048_0173_0277_0277.jpg 1 48 173 277 277
0073_0450_0130_0078_0078.jpg 1 450 130 78 78
0074_0295_0111_0074_0074.jpg 1 295 111 74 74
0075_0046_0063_0253_0253.jpg 1 46 63 253 253
0076_0090_0092_0240_0240.jpg 1 90 92 240 240
0077_0249_0115_0143_0143.jpg 1 249 115 143 143
0078_0409_0102_0136_0136.jpg 1 409 102 136 136
0079_0304_0274_0135_0135.jpg 1 304 274 135 135
0080_0081_0090_0205_0205.jpg 1 81 90 205 205
0081_0381_0039_0178_0178.jpg 1 381 39 178 178
0082_0253_0163_0261_0261.jpg 1 253 163 261 261
0083_0373_0287_0156_0156.jpg 1 373 287 156 156
0084_0127_0137_0216_0216.jpg 1 127 137 216 216
0085_0152_0104_0111_0111.jpg 1 152 104 111 111
0086_0092_0184_0261_0261.jpg 1 92 184 261 261
0087_0216_0148_0210_0210.jpg 1 216 148 210 210
0088_0126_0143_0136_0136.jpg 1 126 143 136 136
0089_0126_0221_0099_0099.jpg 1 126 221 99 99
0090_0047_0047_0211_0211.jpg 1 47 47 211 211
0091_0254_0133_0173_0173.jpg 1 254 133 173 173
0092_0048_0093_0225_0225.jpg 1 48 93 225 225
0093_0214_0344_0079_0079.jpg 1 214 344 79 79
0094_0156_0305_0103_0103.jpg 1 156 305 103 103
0095_0220_0137_0222_0222.jpg 1 220 137 222 222
0096_0293_0156_0175_0175.jpg 1 293 156 175 175
0097_0495_0180_0030_0030.jpg 1 495 180 30 30
0098_0164_0078_0297_0297.jpg 1 164 78 297 297
0099_0264_0048_0285_0285.jpg 1 264 48 285 285
0100_0255_0101_0214_0214.jpg 1 255 101 214 214
0101_0220_0085_0157_0157.jpg 1 220 85 157 157
0102_0139_0293_0131_0131.jpg 1 139 293 131 131
0103_0036_0267_0272_0272.jpg 1 36 267 272 272
0104_0203_0096_0178_0178.jpg 1 203 96 178 178
0105_0137_0090_0228_0228.jpg 1 137 90 228 228
0106_0100_0062_0320_0320.jpg 1 100 62 320 320
0107_0267_0295_0126_0126.jpg 1 267 295 126 126
0108_0217_0259_0051_0051.jpg 1 217 259 51 51
0109_0224_0326_0099_0099.jpg 1 224 326 99 99
0110_0040_0094_0210_0210.jpg 1 40 94 210 210
0111_0245_0275_0170_0170.jpg 1 245 275 170 170
0112_0043_0287_0222_0222.jpg 1 43 287 222 222
0113_0232_0078_0324_0324.jpg 1 232 78 324 324
0114_0113_0028_0293_0293.jpg 1 113 28 293 293
0115_0177_0119_0078_0078.jpg 1 177 119 78 78
0116_0303_0236_0204_0204.jpg 1 303 236 204 204
0117_0360_0168_0083_0083.jpg 1 360 168 83 83
0118_0176_0134_0080_0080.jpg 1 176 134 80 80
0119_0283_0136_0300_0300.jpg 1 283 136 300 300
0120_0248_0138_0317_0317.jpg 1 248 138 317 317
0121_0176_0205_0129_0129.jpg 1 176 205 129 129
0122_0281_0257_0191_0191.jpg 1 281 257 191 191
0123_0179_0068_0256_0256.jpg 1 179 68 256 256
0124_0129_0160_0092_0092.jpg 1 129 160 92 92
0125_0077_0093_0104_0104.jpg 1 77 93 104 104
0126_0073_0267_0053_0053.jpg 1 73 267 53 53
0127_0051_0145_0332_0332.jpg 1 51 145 332 332
0128_0198_0332_0080_0080.jpg 1 198 332 80 80
