0001_0416_0125_0093_0093.jpg 1 416 125 93 93
0002_0246_0183_0171_0171.jpg 1 246 183 171 171
0003_0233_0188_0241_0241.jpg 1 233 188 241 241
0004_0425_0271_0163_0163.jpg 1 425 271 163 163
0005_0072_0185_0239_0239.jpg 1 72 185 239 239
0006_0080_0292_0153_0153.jpg 1 80 292 153 153
0007_0097_0114_0222_0222.jpg 1 97 114 222 222
0008_0168_0148_0028_0028.jpg 1 168 148 28 28
0009_0051_0119_0250_0250.jpg 1 51 119 250 250
0010_0146_0036_0156_0156.jpg 1 146 36 156 156
0011_0408_0235_0100_0100.jpg 1 408 235 100 100
0012_0269_0028_0312_0312.jpg 1 269 28 312 312
0013_0289_0309_0075_0075.jpg 1 289 309 75 75
0014_0145_0200_0065_0065.jpg 1 145 200 65 65
0015_0191_0153_0175_0175.jpg 1 191 153 175 175
0016_0512_0288_0027_0027.jpg 1 512 288 27 27
0017_0135_0042_0105_0105.jpg 1 135 42 105 105
0018_0472_0169_0057_0057.jpg 1 472 169 57 57
0019_0075_0047_0101_0101.jpg 1 75 47 101 101
0020_0234_0138_0219_0219.jpg 1 234 138 219 219
0021_0187_0240_0201_0201.jpg 1 187 240 201 201
0022_0234_0308_0166_0166.jpg 1 234 308 166 166
0023_0400_0230_0089_0089.jpg 1 400 230 89 89
0024_0216_0071_0162_0162.jpg 1 216 71 162 162
0025_0123_0170_0301_0301.jpg 1 123 170 301 301
0026_0061_0114_0209_0209.jpg 1 61 114 209 209
0027_0091_0126_0294_0294.jpg 1 91 126 294 294
0028_0128_0109_0060_0060.jpg 1 128 109 60 60
0029_0303_0216_0087_0087.jpg 1 303 216 87 87
0030_0169_0176_0235_0235.jpg 1 169 176 235 235
0031_0476_0091_0034_0034.jpg 1 476 91 34 34
0032_0101_0231_0156_0156.jpg 1 101 231 156 156
0033_0178_0233_0085_0085.jpg 1 178 233 85 85
0034_0076_0051_0253_0253.jpg 1 76 51 253 253
0035_0164_0320_0104_0104.jpg 1 164 320 104 104
0036_0072_0403_0126_0126.jpg 1 72 403 126 126
0037_0232_0247_0106_0106.jpg 1 232 247 106 106
0038_0147_0056_0123_0123.jpg 1 147 56 123 123
0039_0225_0179_0197_0197.jpg 1 225 179 197 197
0040_0505_0314_0062_0062.jpg 1 505 314 62 62
0041_0312_0085_0112_0112.jpg 1 312 85 112 112
0042_0066_0295_0091_0091.jpg 1 66 295 91 91
0043_0350_0115_0219_0219.jpg 1 350 115 219 219
0044_0450_0223_0077_0077.jpg 1 450 223 77 77
0045_0017_0074_0309_0309.jpg 1 17 74 309 309
0046_0274_0075_0296_0296.jpg 1 274 75 296 296
0047_0107_0136_0323_0323.jpg 1 107 136 323 323
0048_0170_0200_0091_0091.jpg 1 170 200 91 91
0049_0307_0055_0192_0192.jpg 1 307 55 192 192
0050_0401_0148_0144_0144.jpg 1 401 148 144 144
0051_0158_0034_0191_0191.jpg 1 158 34 191 191
0052_0107_0087_0223_0223.jpg 1 107 87 223 223
0053_0207_0121_0276_0276.jpg 1 207 121 276 276
0054_0320_0062_0066_0066.jpg 1 320 62 66 66
0055_0218_0220_0160_0160.jpg 1 218 220 160 160
0056_0066_0248_0048_0048.jpg 1 66 248 48 48
0057_0191_0106_0135_0135.jpg 1 191 106 135 135
0058_0186_0145_0259_0259.jpg 1 186 145 259 259
0059_0341_0146_0064_0064.jpg 1 341 146 64 64
0060_0281_0217_0191_0191.jpg 1 281 217 191 191
0061_0155_0065_0256_0256.jpg 1 155 65 256 256
0062_0063_0317_0182_0182.jpg 1 63 317 182 182
0063_0057_0087_0312_0312.jpg 1 57 87 312 312
0064_0167_0098_0150_0150.jpg 1 167 98 150 150
0065_0337_0155_0236_0236.jpg 1 337 155 236 236
0066_0049_0028_0326_0326.jpg 1 49 28 326 326
0067_0082_0108_0176_0176.jpg 1 82 108 176 176
0068_0115_0034_0328_0328.jpg 1 115 34 328 328
0069_0139_0427_0044_0044.jpg 1 139 427 44 44
0070_0038_0345_0189_0189.jpg 1 38 345 189 189
0071_0169_0273_0176_0176.jpg 1 169 273 176 176
0072_0071_0090_0239_0239.jpg 1 71 90 239 239
0073_0093_0237_0213_0213.jpg 1 93 237 213 213
0074_0203_0026_0308_0308.jpg 1 203 26 308 308
0075_0207_0151_0239_0239.jpg 1 207 151 239 239
0076_0134_0137_0063_0063.jpg 1 134 137 63 63
0077_0128_0029_0264_0264.jpg 1 128 29 264 264
0078_0180_0041_0287_0287.jpg 1 180 41 287 287
0079_0069_0042_0074_0074.jpg 1 69 42 74 74
0080_0189_0251_0264_0264.jpg 1 189 251 264 264
0081_0110_0315_0279_0279.jpg 1 110 315 279 279
0082_0109_0214_0239_0239.jpg 1 109 214 239 239
0083_0073_0272_0109_0109.jpg 1 73 272 109 109
0084_0129_0118_0201_0201.jpg 1 129 118 201 201
0085_0035_0297_0233_0233.jpg 1 35 297 233 233
0086_0228_0432_0060_0060.jpg 1 228 432 60 60
0087_0087_0314_0285_0285.jpg 1 87 314 285 285
0088_0378_0117_0157_0157.jpg 1 378 117 157 157
0089_0074_0063_0244_0244.jpg 1 74 63 244 244
0090_0113_0209_0219_0219.jpg 1 113 209 219 219
0091_0489_0319_0081_0081.jpg 1 489 319 81 81
0092_0231_0144_0064_0064.jpg 1 231 144 64 64
0093_0236_0125_0121_0121.jpg 1 236 125 121 121
0094_0280_0124_0321_0321.jpg 1 280 124 321 321
0095_0383_0062_0027_0027.jpg 1 383 62 27 27
0096_0099_0195_0203_0203.jpg 1 99 195 203 203
0097_0209_0170_0195_0195.jpg 1 209 170 195 195
0098_0064_0179_0150_0150.jpg 1 64 179 150 150
0099_0052_0122_0304_0304.jpg 1 52 122 304 304
0100_0222_0091_0058_0058.jpg 1 222 91 58 58
0101_0332_0205_0212_0212.jpg 1 332 205 212 212
0102_0217_0124_0258_0258.jpg 1 217 124 258 258
0103_0232_0115_0244_0244.jpg 1 232 115 244 244
0104_0230_0052_0205_0205.jpg 1 230 52 205 205
0105_0470_0305_0098_0098.jpg 1 470 305 98 98
0106_0203_0321_0041_0041.jpg 1 203 321 41 41
0107_0031_0113_0311_0311.jpg 1 31 113 311 311
0108_0166_0300_0096_0096.jpg 1 166 300 96 96
0109_0140_0071_0331_0331.jpg 1 140 71 331 331
0110_0133_0093_0177_0177.jpg 1 133 93 177 177
0111_0306_0124_0076_0076.jpg 1 306 124 76 76
0112_0342_0147_0105_0105.jpg 1 342 147 105 105
0113_0147_0103_0322_0322.jpg 1 147 103 322 322
0114_0128_0080_0244_0244.jpg 1 128 80 244 244
0115_0108_0225_0312_0312.jpg 1 108 225 312 312
0116_0275_0402_0074_0074.jpg 1 275 402 74 74
0117_0105_0060_0318_0318.jpg 1 105 60 318 318
0118_0475_0227_0079_0079.jpg 1 475 227 79 79
0119_0173_0233_0089_0089.jpg 1 173 233 89 89
0120_0124_0066_0329_0329.jpg 1 124 66 329 329
0121_0284_0386_0092_0092.jpg 1 284 386 92 92
0122_0110_0113_0301_0301.jpg 1 110 113 301 301
0123_0117_0159_0109_0109.jpg 1 117 159 109 109
0124_0264_0112_0316_0316.jpg 1 264 112 316 316
0125_0124_0206_0310_0310.jpg 1 124 206 310 310
0126_0428_0258_0163_0163.jpg 1 428 258 163 163
0127_0317_0200_0249_0249.jpg 1 317 200 249 249
0128_0162_0251_0134_0134.jpg 1 162 251 134 134
