0001_0264_0186_0139_0139.jpg 1 264 186 139 139
0002_0501_0185_0079_0079.jpg 1 501 185 79 79
0003_0491_0257_0058_0058.jpg 1 491 257 58 58
0004_0104_0102_0325_0325.jpg 1 104 102 325 325
0005_0039_0115_0259_0259.jpg 1 39 115 259 259
0006_0139_0095_0127_0127.jpg 1 139 95 127 127
0007_0137_0257_0307_0307.jpg 1 137 257 307 307
0008_0343_0085_0149_0149.jpg 1 343 85 149 149
0009_0122_0188_0078_0078.jpg 1 122 188 78 78
0010_0084_0161_0294_0294.jpg 1 84 161 294 294
0011_0142_0276_0293_0293.jpg 1 142 276 293 293
0012_0213_0203_0148_0148.jpg 1 213 203 148 148
0013_0434_0083_0064_0064.jpg 1 434 83 64 64
0014_0393_0157_0072_0072.jpg 1 393 157 72 72
0015_0235_0099_0217_0217.jpg 1 235 99 217 217
0016_0335_0176_0207_0207.jpg 1 335 176 207 207
0017_0270_0136_0319_0319.jpg 1 270 136 319 319
0018_0401_0034_0192_0192.jpg 1 401 34 192 192
0019_0081_0082_0295_0295.jpg 1 81 82 295 295
0020_0176_0219_0057_0057.jpg 1 176 219 57 57
0021_0080_0040_0135_0135.jpg 1 80 40 135 135
0022_0111_0193_0057_0057.jpg 1 111 193 57 57
0023_0068_0078_0278_0278.jpg 1 68 78 278 278
0024_0078_0040_0099_0099.jpg 1 78 40 99 99
0025_0078_0078_0210_0210.jpg 1 78 78 210 210
0026_0162_0255_0143_0143.jpg 1 162 255 143 143
0027_0276_0078_0321_0321.jpg 1 276 78 321 321
0028_0527_0240_0043_0043.jpg 1 527 240 43 43
0029_0329_0128_0151_0151.jpg 1 329 128 151 151
0030_0132_0215_0234_0234.jpg 1 132 215 234 234
0031_0282_0242_0202_0202.jpg 1 282 242 202 202
0032_0158_0238_0210_0210.jpg 1 158 238 210 210
0033_0147_0045_0267_0267.jpg 1 147 45 267 267
0034_0067_0127_0179_0179.jpg 1 67 127 179 179
0035_0161_0308_0214_0214.jpg 1 161 308 214 214
0036_0380_0214_0206_0206.jpg 1 380 214 206 206
0037_0067_0259_0166_0166.jpg 1 67 259 166 166
0038_0482_0043_0047_0047.jpg 1 482 43 47 47
0039_0037_0180_0147_0147.jpg 1 37 180 147 147
0040_0244_0160_0299_0299.jpg 1 244 160 299 299
0041_0152_0031_0330_0330.jpg 1 152 31 330 330
0042_0373_0057_0224_0224.jpg 1 373 57 224 224
0043_0124_0168_0281_0281.jpg 1 124 168 281 281
0044_0062_0076_0107_0107.jpg 1 62 76 107 107
0045_0329_0056_0138_0138.jpg 1 329 56 138 138
0046_0314_0109_0177_0177.jpg 1 314 109 177 177
0047_0361_0148_0190_0190.jpg 1 361 148 190 190
0048_0039_0129_0299_0299.jpg 1 39 129 299 299
0049_0244_0252_0165_0165.jpg 1 244 252 165 165
0050_0201_0090_0270_0270.jpg 1 201 90 270 270
0051_0094_0074_0083_0083.jpg 1 94 74 83 83
0052_0163_0213_0062_0062.jpg 1 163 213 62 62
0053_0328_0067_0233_0233.jpg 1 328 67 233 233
0054_0052_0093_0168_0168.jpg 1 52 93 168 168
0055_0232_0313_0028_0028.jpg 1 232 313 28 28
0056_0202_0283_0154_0154.jpg 1 202 283 154 154
0057_0198_0236_0031_0031.jpg 1 198 236 31 31
0058_0272_0149_0089_0089.jpg 1 272 149 89 89
0059_0194_0329_0239_0239.jpg 1 194 329 239 239
0060_0181_0075_0334_0334.jpg 1 181 75 334 334
0061_0150_0134_0300_0300.jpg 1 150 134 300 300
0062_0309_0363_0043_0043.jpg 1 309 363 43 43
0063_0242_0116_0248_0248.jpg 1 242 116 248 248
0064_0301_0137_0157_0157.jpg 1 301 137 157 157
0065_0204_0115_0235_0235.jpg 1 204 115 235 235
0066_0328_0118_0034_0034.jpg 1 328 118 34 34
0067_0147_0085_0275_0275.jpg 1 147 85 275 275
0068_0280_0085_0306_0306.jpg 1 280 85 306 306
0069_0376_0194_0193_0193.jpg 1 376 194 193 193
0070_0213_0128_0179_0179.jpg 1 213 128 179 179
0071_0322_0068_0119_0119.jpg 1 322 68 119 119
0072_0409_0347_0035_0035.jpg 1 409 347 35 35
0073_0252_0283_0170_0170.jpg 1 252 283 170 170
0074_0178_0301_0033_0033.jpg 1 178 301 33 33
0075_0209_0138_0102_0102.jpg 1 209 138 102 102
0076_0082_0136_0321_0321.jpg 1 82 136 321 321
0077_0272_0054_0309_0309.jpg 1 272 54 309 309
0078_0207_0240_0247_0247.jpg 1 207 240 247 247
0079_0045_0025_0292_0292.jpg 1 45 25 292 292
0080_0182_0197_0056_0056.jpg 1 182 197 56 56
0081_0074_0143_0091_0091.jpg 1 74 143 91 91
0082_0332_0047_0129_0129.jpg 1 332 47 129 129
0083_0115_0319_0282_0282.jpg 1 115 319 282 282
0084_0204_0134_0220_0220.jpg 1 204 134 220 220
0085_0223_0188_0211_0211.jpg 1 223 188 211 211
0086_0084_0218_0218_0218.jpg 1 84 218 218 218
0087_0088_0145_0057_0057.jpg 1 88 145 57 57
0088_0159_0149_0306_0306.jpg 1 159 149 306 306
0089_0324_0331_0065_0065.jpg 1 324 331 65 65
0090_0197_0372_0155_0155.jpg 1 197 372 155 155
0091_0285_0115_0253_0253.jpg 1 285 115 253 253
0092_0089_0090_0109_0109.jpg 1 89 90 109 109
0093_0339_0081_0129_0129.jpg 1 339 81 129 129
0094_0222_0062_0205_0205.jpg 1 222 62 205 205
0095_0271_0180_0268_0268.jpg 1 271 180 268 268
0096_0164_0148_0118_0118.jpg 1 164 148 118 118
0097_0229_0172_0243_0243.jpg 1 229 172 243 243
0098_0335_0153_0054_0054.jpg 1 335 153 54 54
0099_0376_0461_0061_0061.jpg 1 376 461 61 61
0100_0242_0085_0186_0186.jpg 1 242 85 186 186
0101_0114_0097_0150_0150.jpg 1 114 97 150 150
0102_0332_0366_0060_0060.jpg 1 332 366 60 60
0103_0168_0255_0100_0100.jpg 1 168 255 100 100
0104_0282_0097_0214_0214.jpg 1 282 97 214 214
0105_0314_0089_0236_0236.jpg 1 314 89 236 236
0106_0297_0281_0147_0147.jpg 1 297 281 147 147
0107_0185_0246_0172_0172.jpg 1 185 246 172 172
0108_0258_0039_0316_0316.jpg 1 258 39 316 316
0109_0314_0028_0291_0291.jpg 1 314 28 291 291
0110_0204_0259_0091_0091.jpg 1 204 259 91 91
0111_0090_0099_0262_0262.jpg 1 90 99 262 262
0112_0148_0123_0157_0157.jpg 1 148 123 157 157
0113_0040_0346_0083_0083.jpg 1 40 346 83 83
0114_0183_0365_0224_0224.jpg 1 183 365 224 224
0115_0107_0145_0280_0280.jpg 1 107 145 280 280
0116_0112_0128_0066_0066.jpg 1 112 128 66 66
0117_0069_0130_0244_0244.jpg 1 69 130 244 244
0118_0172_0235_0128_0128.jpg 1 172 235 128 128
0119_0058_0092_0087_0087.jpg 1 58 92 87 87
0120_0311_0112_0083_0083.jpg 1 311 112 83 83
0121_0270_0080_0030_0030.jpg 1 270 80 30 30
0122_0124_0260_0292_0292.jpg 1 124 260 292 292
0123_0257_0050_0056_0056.jpg 1 257 50 56 56
0124_0100_0108_0185_0185.jpg 1 100 108 185 185
0125_0254_0056_0178_0178.jpg 1 254 56 178 178
0126_0293_0075_0147_0147.jpg 1 293 75 147 147
0127_0271_0214_0053_0053.jpg 1 271 214 53 53
0128_0286_0288_0066_0066.jpg 1 286 288 66 66
