0001_0497_0048_0058_0058.jpg 1 497 48 58 58
0002_0448_0128_0126_0126.jpg 1 448 128 126 126
0003_0157_0123_0192_0192.jpg 1 157 123 192 192
0004_0111_0043_0131_0131.jpg 1 111 43 131 131
0005_0067_0103_0190_0190.jpg 1 67 103 190 190
0006_0063_0080_0219_0219.jpg 1 63 80 219 219
0007_0402_0135_0027_0027.jpg 1 402 135 27 27
0008_0115_0385_0046_0046.jpg 1 115 385 46 46
0009_0299_0059_0220_0220.jpg 1 299 59 220 220
0010_0078_0156_0046_0046.jpg 1 78 156 46 46
0011_0041_0119_0255_0255.jpg 1 41 119 255 255
0012_0310_0175_0130_0130.jpg 1 310 175 130 130
0013_0113_0209_0144_0144.jpg 1 113 209 144 144
0014_0480_0050_0086_0086.jpg 1 480 50 86 86
0015_0512_0292_0052_0052.jpg 1 512 292 52 52
0016_0203_0114_0169_0169.jpg 1 203 114 169 169
0017_0113_0170_0025_0025.jpg 1 113 170 25 25
0018_0257_0275_0113_0113.jpg 1 257 275 113 113
0019_0065_0203_0151_0151.jpg 1 65 203 151 151
0020_0197_0086_0302_0302.jpg 1 197 86 302 302
0021_0321_0133_0255_0255.jpg 1 321 133 255 255
0022_0310_0246_0124_0124.jpg 1 310 246 124 124
0023_0265_0178_0245_0245.jpg 1 265 178 245 245
0024_0328_0323_0070_0070.jpg 1 328 323 70 70
0025_0297_0084_0306_0306.jpg 1 297 84 306 306
0026_0276_0169_0182_0182.jpg 1 276 169 182 182
0027_0205_0322_0216_0216.jpg 1 205 322 216 216
0028_0190_0211_0188_0188.jpg 1 190 211 188 188
0029_0246_0110_0234_0234.jpg 1 246 110 234 234
0030_0189_0245_0195_0195.jpg 1 189 245 195 195
0031_0177_0332_0252_0252.jpg 1 177 332 252 252
0032_0351_0219_0109_0109.jpg 1 351 219 109 109
0033_0289_0038_0170_0170.jpg 1 289 38 170 170
0034_0278_0101_0247_0247.jpg 1 278 101 247 247
0035_0298_0352_0085_0085.jpg 1 298 352 85 85
0036_0287_0253_0154_0154.jpg 1 287 253 154 154
0037_0092_0166_0173_0173.jpg 1 92 166 173 173
0038_0346_0231_0057_0057.jpg 1 346 231 57 57
0039_0123_0156_0121_0121.jpg 1 123 156 121 121
0040_0423_0296_0031_0031.jpg 1 423 296 31 31
0041_0187_0177_0242_0242.jpg 1 187 177 242 242
0042_0116_0231_0250_0250.jpg 1 116 231 250 250
0043_0369_0181_0095_0095.jpg 1 369 181 95 95
0044_0420_0046_0140_0140.jpg 1 420 46 140 140
0045_0283_0115_0305_0305.jpg 1 283 115 305 305
0046_0045_0087_0252_0252.jpg 1 45 87 252 252
0047_0331_0068_0116_0116.jpg 1 331 68 116 116
0048_0115_0084_0051_0051.jpg 1 115 84 51 51
0049_0435_0292_0115_0115.jpg 1 435 292 115 115
0050_0334_0050_0068_0068.jpg 1 334 50 68 68
0051_0257_0129_0264_0264.jpg 1 257 129 264 264
0052_0028_0108_0329_0329.jpg 1 28 108 329 329
0053_0179_0236_0177_0177.jpg 1 179 236 177 177
0054_0369_0172_0174_0174.jpg 1 369 172 174 174
0055_0308_0228_0217_0217.jpg 1 308 228 217 217
0056_0237_0165_0115_0115.jpg 1 237 165 115 115
0057_0089_0185_0298_0298.jpg 1 89 185 298 298
0058_0275_0162_0186_0186.jpg 1 275 162 186 186
0059_0235_0045_0103_0103.jpg 1 235 45 103 103
0060_0050_0257_0335_0335.jpg 1 50 257 335 335
0061_0286_0235_0133_0133.jpg 1 286 235 133 133
0062_0485_0159_0082_0082.jpg 1 485 159 82 82
0063_0280_0100_0067_0067.jpg 1 280 100 67 67
0064_0198_0161_0073_0073.jpg 1 198 161 73 73
0065_0192_0316_0185_0185.jpg 1 192 316 185 185
0066_0326_0256_0174_0174.jpg 1 326 256 174 174
0067_0071_0283_0234_0234.jpg 1 71 283 234 234
0068_0188_0333_0205_0205.jpg 1 188 333 205 205
0069_0280_0342_0068_0068.jpg 1 280 342 68 68
0070_0442_0288_0057_0057.jpg 1 442 288 57 57
0071_0237_0091_0050_0050.jpg 1 237 91 50 50
0072_0186_0264_0159_0159.jpg 1 186 264 159 159
0073_0051_0124_0272_0272.jpg 1 51 124 272 272
0074_0020_0161_0285_0285.jpg 1 20 161 285 285
0075_0266_0138_0277_0277.jpg 1 266 138 277 277
0076_0131_0184_0157_0157.jpg 1 131 184 157 157
0077_0334_0325_0076_0076.jpg 1 334 325 76 76
0078_0135_0175_0083_0083.jpg 1 135 175 83 83
0079_0072_0084_0276_0276.jpg 1 72 84 276 276
0080_0205_0093_0102_0102.jpg 1 205 93 102 102
0081_0060_0090_0132_0132.jpg 1 60 90 132 132
0082_0224_0342_0225_0225.jpg 1 224 342 225 225
0083_0076_0121_0303_0303.jpg 1 76 121 303 303
0084_0153_0232_0219_0219.jpg 1 153 232 219 219
0085_0121_0303_0253_0253.jpg 1 121 303 253 253
0086_0383_0124_0117_0117.jpg 1 383 124 117 117
0087_0137_0192_0279_0279.jpg 1 137 192 279 279
0088_0265_0052_0334_0334.jpg 1 265 52 334 334
0089_0081_0303_0220_0220.jpg 1 81 303 220 220
0090_0277_0105_0045_0045.jpg 1 277 105 45 45
0091_0023_0213_0294_0294.jpg 1 23 213 294 294
0092_0054_0176_0263_0263.jpg 1 54 176 263 263
0093_0132_0106_0207_0207.jpg 1 132 106 207 207
0094_0142_0189_0203_0203.jpg 1 142 189 203 203
0095_0111_0430_0115_0115.jpg 1 111 430 115 115
0096_0098_0051_0235_0235.jpg 1 98 51 235 235
0097_0108_0492_0041_0041.jpg 1 108 492 41 41
0098_0505_0316_0064_0064.jpg 1 505 316 64 64
0099_0045_0103_0209_0209.jpg 1 45 103 209 209
0100_0070_0048_0305_0305.jpg 1 70 48 305 305
0101_0034_0108_0295_0295.jpg 1 34 108 295 295
0102_0422_0037_0102_0102.jpg 1 422 37 102 102
0103_0069_0035_0155_0155.jpg 1 69 35 155 155
0104_0154_0352_0248_0248.jpg 1 154 352 248 248
0105_0065_0159_0288_0288.jpg 1 65 159 288 288
0106_0121_0261_0317_0317.jpg 1 121 261 317 317
0107_0337_0338_0049_0049.jpg 1 337 338 49 49
0108_0099_0340_0065_0065.jpg 1 99 340 65 65
0109_0043_0073_0225_0225.jpg 1 43 73 225 225
0110_0212_0344_0107_0107.jpg 1 212 344 107 107
0111_0278_0056_0292_0292.jpg 1 278 56 292 292
0112_0257_0168_0050_0050.jpg 1 257 168 50 50
0113_0199_0039_0303_0303.jpg 1 199 39 303 303
0114_0122_0185_0255_0255.jpg 1 122 185 255 255
0115_0232_0204_0055_0055.jpg 1 232 204 55 55
0116_0214_0098_0196_0196.jpg 1 214 98 196 196
0117_0368_0072_0220_0220.jpg 1 368 72 220 220
0118_0031_0105_0269_0269.jpg 1 31 105 269 269
0119_0310_0134_0259_0259.jpg 1 310 134 259 259
0120_0360_0222_0105_0105.jpg 1 360 222 105 105
0121_0306_0201_0239_0239.jpg 1 306 201 239 239
0122_0045_0130_0188_0188.jpg 1 45 130 188 188
0123_0053_0133_0289_0289.jpg 1 53 133 289 289
0124_0136_0052_0264_0264.jpg 1 136 52 264 264
0125_0306_0270_0139_0139.jpg 1 306 270 139 139
0126_0212_0174_0270_0270.jpg 1 212 174 270 270
0127_0220_0158_0195_0195.jpg 1 220 158 195 195
0128_0151_0338_0255_0255.jpg 1 151 338 255 255
