0001_0133_0449_0134_0134.jpg 1 133 449 134 134
0002_0262_0040_0335_0335.jpg 1 262 40 335 335
0003_0306_0109_0182_0182.jpg 1 306 109 182 182
0004_0290_0157_0117_0117.jpg 1 290 157 117 117
0005_0047_0215_0323_0323.jpg 1 47 215 323 323
0006_0085_0081_0084_0084.jpg 1 85 81 84 84
0007_0375_0094_0054_0054.jpg 1 375 94 54 54
0008_0305_0210_0223_0223.jpg 1 305 210 223 223
0009_0144_0159_0279_0279.jpg 1 144 159 279 279
0010_0182_0091_0132_0132.jpg 1 182 91 132 132
0011_0250_0075_0289_0289.jpg 1 250 75 289 289
0012_0126_0167_0277_0277.jpg 1 126 167 277 277
0013_0152_0120_0262_0262.jpg 1 152 120 262 262
0014_0244_0113_0167_0167.jpg 1 244 113 167 167
0015_0314_0157_0140_0140.jpg 1 314 157 140 140
0016_0423_0059_0034_0034.jpg 1 423 59 34 34
0017_0120_0040_0326_0326.jpg 1 120 40 326 326
0018_0421_0342_0036_0036.jpg 1 421 342 36 36
0019_0104_0040_0147_0147.jpg 1 104 40 147 147
0020_0375_0167_0174_0174.jpg 1 375 167 174 174
0021_0259_0109_0243_0243.jpg 1 259 109 243 243
0022_0461_0102_0039_0039.jpg 1 461 102 39 39
0023_0117_0204_0210_0210.jpg 1 117 204 210 210
0024_0114_0151_0272_0272.jpg 1 114 151 272 272
0025_0203_0077_0100_0100.jpg 1 203 77 100 100
0026_0205_0206_0112_0112.jpg 1 205 206 112 112
0027_0065_0228_0117_0117.jpg 1 65 228 117 117
0028_0527_0319_0045_0045.jpg 1 527 319 45 45
0029_0274_0164_0037_0037.jpg 1 274 164 37 37
0030_0198_0132_0166_0166.jpg 1 198 132 166 166
0031_0231_0111_0265_0265.jpg 1 231 111 265 265
0032_0331_0087_0232_0232.jpg 1 331 87 232 232
0033_0486_0081_0050_0050.jpg 1 486 81 50 50
0034_0272_0109_0316_0316.jpg 1 272 109 316 316
0035_0168_0086_0184_0184.jpg 1 168 86 184 184
0036_0095_0139_0095_0095.jpg 1 95 139 95 95
0037_0123_0149_0085_0085.jpg 1 123 149 85 85
0038_0100_0034_0325_0325.jpg 1 100 34 325 325
0039_0043_0141_0146_0146.jpg 1 43 141 146 146
0040_0207_0302_0029_0029.jpg 1 207 302 29 29
0041_0269_0073_0217_0217.jpg 1 269 73 217 217
0042_0065_0255_0060_0060.jpg 1 65 255 60 60
0043_0102_0209_0100_0100.jpg 1 102 209 100 100
0044_0133_0080_0207_0207.jpg 1 133 80 207 207
0045_0289_0098_0294_0294.jpg 1 289 98 294 294
0046_0273_0308_0064_0064.jpg 1 273 308 64 64
0047_0386_0164_0103_0103.jpg 1 386 164 103 103
0048_0287_0082_0314_0314.jpg 1 287 82 314 314
0049_0034_0374_0201_0201.jpg 1 34 374 201 201
0050_0040_0161_0118_0118.jpg 1 40 161 118 118
0051_0420_0110_0025_0025.jpg 1 420 110 25 25
0052_0092_0073_0054_0054.jpg 1 92 73 54 54
0053_0189_0111_0091_0091.jpg 1 189 111 91 91
0054_0405_0048_0098_0098.jpg 1 405 48 98 98
0055_0291_0079_0311_0311.jpg 1 291 79 311 311
0056_0152_0120_0312_0312.jpg 1 152 120 312 312
0057_0084_0031_0303_0303.jpg 1 84 31 303 303
0058_0154_0123_0277_0277.jpg 1 154 123 277 277
0059_0081_0365_0030_0030.jpg 1 81 365 30 30
0060_0254_0112_0292_0292.jpg 1 254 112 292 292
0061_0146_0062_0101_0101.jpg 1 146 62 101 101
0062_0352_0157_0056_0056.jpg 1 352 157 56 56
0063_0323_0348_0051_0051.jpg 1 323 348 51 51
0064_0438_0343_0098_0098.jpg 1 438 343 98 98
0065_0158_0069_0122_0122.jpg 1 158 69 122 122
0066_0101_0132_0038_0038.jpg 1 101 132 38 38
0067_0166_0439_0046_0046.jpg 1 166 439 46 46
0068_0420_0051_0087_0087.jpg 1 420 51 87 87
0069_0086_0184_0265_0265.jpg 1 86 184 265 265
0070_0347_0254_0164_0164.jpg 1 347 254 164 164
0071_0205_0407_0051_0051.jpg 1 205 407 51 51
0072_0117_0173_0103_0103.jpg 1 117 173 103 103
0073_0332_0202_0213_0213.jpg 1 332 202 213 213
0074_0352_0182_0120_0120.jpg 1 352 182 120 120
0075_0257_0173_0189_0189.jpg 1 257 173 189 189
0076_0416_0110_0126_0126.jpg 1 416 110 126 126
0077_0121_0279_0270_0270.jpg 1 121 279 270 270
0078_0223_0060_0300_0300.jpg 1 223 60 300 300
0079_0131_0201_0038_0038.jpg 1 131 201 38 38
0080_0362_0294_0051_0051.jpg 1 362 294 51 51
0081_0199_0071_0217_0217.jpg 1 199 71 217 217
0082_0442_0066_0118_0118.jpg 1 442 66 118 118
0083_0320_0265_0073_0073.jpg 1 320 265 73 73
0084_0057_0091_0276_0276.jpg 1 57 91 276 276
0085_0062_0176_0294_0294.jpg 1 62 176 294 294
0086_0286_0218_0200_0200.jpg 1 286 218 200 200
0087_0149_0232_0153_0153.jpg 1 149 232 153 153
0088_0164_0049_0328_0328.jpg 1 164 49 328 328
0089_0396_0157_0161_0161.jpg 1 396 157 161 161
0090_0174_0202_0074_0074.jpg 1 174 202 74 74
0091_0134_0231_0090_0090.jpg 1 134 231 90 90
0092_0168_0311_0200_0200.jpg 1 168 311 200 200
0093_0257_0251_0194_0194.jpg 1 257 251 194 194
0094_0079_0060_0274_0274.jpg 1 79 60 274 274
0095_0072_0246_0153_0153.jpg 1 72 246 153 153
0096_0137_0284_0116_0116.jpg 1 137 284 116 116
0097_0147_0066_0228_0228.jpg 1 147 66 228 228
0098_0136_0203_0158_0158.jpg 1 136 203 158 158
0099_0089_0082_0075_0075.jpg 1 89 82 75 75
0100_0317_0075_0144_0144.jpg 1 317 75 144 144
0101_0103_0240_0065_0065.jpg 1 103 240 65 65
0102_0276_0184_0173_0173.jpg 1 276 184 173 173
0103_0398_0230_0162_0162.jpg 1 398 230 162 162
0104_0097_0106_0291_0291.jpg 1 97 106 291 291
0105_0205_0302_0024_0024.jpg 1 205 302 24 24
0106_0099_0183_0108_0108.jpg 1 99 183 108 108
0107_0376_0175_0195_0195.jpg 1 376 175 195 195
0108_0336_0257_0159_0159.jpg 1 336 257 159 159
0109_0111_0134_0325_0325.jpg 1 111 134 325 325
0110_0320_0037_0148_0148.jpg 1 320 37 148 148
0111_0258_0188_0268_0268.jpg 1 258 188 268 268
0112_0331_0126_0268_0268.jpg 1 331 126 268 268
0113_0135_0160_0197_0197.jpg 1 135 160 197 197
0114_0058_0175_0216_0216.jpg 1 58 175 216 216
0115_0097_0080_0311_0311.jpg 1 97 80 311 311
0116_0230_0176_0264_0264.jpg 1 230 176 264 264
0117_0279_0131_0301_0301.jpg 1 279 131 301 301
0118_0310_0130_0078_0078.jpg 1 310 130 78 78
0119_0158_0171_0081_0081.jpg 1 158 171 81 81
0120_0367_0145_0049_0049.jpg 1 367 145 49 49
0121_0040_0135_0095_0095.jpg 1 40 135 95 95
0122_0184_0047_0220_0220.jpg 1 184 47 220 220
0123_0144_0157_0165_0165.jpg 1 144 157 165 165
0124_0176_0118_0330_0330.jpg 1 176 118 330 330
0125_0369_0206_0183_0183.jpg 1 369 206 183 183
0126_0422_0223_0073_0073.jpg 1 422 223 73 73
0127_0330_0173_0044_0044.jpg 1 330 173 44 44
0128_0096_0070_0330_0330.jpg 1 96 70 330 330
