0001_0049_0054_0308_0308.jpg 1 49 54 308 308
0002_0145_0046_0271_0271.jpg 1 145 46 271 271
0003_0224_0180_0103_0103.jpg 1 224 180 103 103
0004_0219_0322_0095_0095.jpg 1 219 322 95 95
0005_0219_0201_0205_0205.jpg 1 219 201 205 205
0006_0318_0069_0245_0245.jpg 1 318 69 245 245
0007_0216_0122_0285_0285.jpg 1 216 122 285 285
0008_0155_0268_0121_0121.jpg 1 155 268 121 121
0009_0237_0100_0246_0246.jpg 1 237 100 246 246
0010_0157_0260_0172_0172.jpg 1 157 260 172 172
0011_0285_0151_0282_0282.jpg 1 285 151 282 282
0012_0406_0105_0088_0088.jpg 1 406 105 88 88
0013_0141_0034_0270_0270.jpg 1 141 34 270 270
0014_0129_0287_0243_0243.jpg 1 129 287 243 243
0015_0072_0130_0077_0077.jpg 1 72 130 77 77
0016_0085_0373_0040_0040.jpg 1 85 373 40 40
0017_0125_0147_0271_0271.jpg 1 125 147 271 271
0018_0106_0045_0225_0225.jpg 1 106 45 225 225
0019_0039_0121_0323_0323.jpg 1 39 121 323 323
0020_0269_0062_0328_0328.jpg 1 269 62 328 328
0021_0068_0218_0199_0199.jpg 1 68 218 199 199
0022_0104_0225_0139_0139.jpg 1 104 225 139 139
0023_0409_0244_0157_0157.jpg 1 409 244 157 157
0024_0249_0203_0181_0181.jpg 1 249 203 181 181
0025_0217_0217_0213_0213.jpg 1 217 217 213 213
0026_0052_0049_0248_0248.jpg 1 52 49 248 248
0027_0123_0510_0038_0038.jpg 1 123 510 38 38
0028_0235_0100_0331_0331.jpg 1 235 100 331 331
0029_0071_0017_0308_0308.jpg 1 71 17 308 308
0030_0236_0247_0129_0129.jpg 1 236 247 129 129
0031_0178_0139_0034_0034.jpg 1 178 139 34 34
0032_0060_0116_0160_0160.jpg 1 60 116 160 160
0033_0128_0310_0072_0072.jpg 1 128 310 72 72
0034_0407_0188_0184_0184.jpg 1 407 188 184 184
0035_0091_0116_0251_0251.jpg 1 91 116 251 251
0036_0135_0071_0223_0223.jpg 1 135 71 223 223
0037_0227_0079_0184_0184.jpg 1 227 79 184 184
0038_0434_0114_0037_0037.jpg 1 434 114 37 37
0039_0197_0048_0285_0285.jpg 1 197 48 285 285
0040_0249_0044_0217_0217.jpg 1 249 44 217 217
0041_0275_0036_0297_0297.jpg 1 275 36 297 297
0042_0066_0251_0174_0174.jpg 1 66 251 174 174
0043_0054_0379_0169_0169.jpg 1 54 379 169 169
0044_0071_0112_0303_0303.jpg 1 71 112 303 303
0045_0091_0085_0330_0330.jpg 1 91 85 330 330
0046_0088_0086_0197_0197.jpg 1 88 86 197 197
0047_0102_0303_0238_0238.jpg 1 102 303 238 238
0048_0461_0241_0052_0052.jpg 1 461 241 52 52
0049_0190_0267_0163_0163.jpg 1 190 267 163 163
0050_0113_0188_0163_0163.jpg 1 113 188 163 163
0051_0122_0037_0274_0274.jpg 1 122 37 274 274
0052_0292_0266_0096_0096.jpg 1 292 266 96 96
0053_0244_0191_0241_0241.jpg 1 244 191 241 241
0054_0134_0126_0060_0060.jpg 1 134 126 60 60
0055_0179_0159_0074_0074.jpg 1 179 159 74 74
0056_0265_0031_0322_0322.jpg 1 265 31 322 322
0057_0140_0176_0258_0258.jpg 1 140 176 258 258
0058_0259_0106_0222_0222.jpg 1 259 106 222 222
0059_0167_0287_0128_0128.jpg 1 167 287 128 128
0060_0397_0053_0132_0132.jpg 1 397 53 132 132
0061_0129_0164_0278_0278.jpg 1 129 164 278 278
0062_0127_0143_0314_0314.jpg 1 127 143 314 314
0063_0410_0203_0170_0170.jpg 1 410 203 170 170
0064_0434_0201_0072_0072.jpg 1 434 201 72 72
0065_0087_0072_0238_0238.jpg 1 87 72 238 238
0066_0139_0243_0170_0170.jpg 1 139 243 170 170
0067_0356_0063_0072_0072.jpg 1 356 63 72 72
0068_0139_0141_0177_0177.jpg 1 139 141 177 177
0069_0234_0086_0266_0266.jpg 1 234 86 266 266
0070_0348_0038_0170_0170.jpg 1 348 38 170 170
0071_0310_0195_0133_0133.jpg 1 310 195 133 133
0072_0144_0055_0044_0044.jpg 1 144 55 44 44
0073_0342_0036_0245_0245.jpg 1 342 36 245 245
0074_0220_0436_0083_0083.jpg 1 220 436 83 83
0075_0231_0162_0177_0177.jpg 1 231 162 177 177
0076_0423_0274_0136_0136.jpg 1 423 274 136 136
0077_0208_0085_0130_0130.jpg 1 208 85 130 130
0078_0381_0265_0165_0165.jpg 1 381 265 165 165
0079_0170_0026_0261_0261.jpg 1 170 26 261 261
0080_0176_0207_0085_0085.jpg 1 176 207 85 85
0081_0099_0148_0194_0194.jpg 1 99 148 194 194
0082_0222_0048_0264_0264.jpg 1 222 48 264 264
0083_0160_0203_0168_0168.jpg 1 160 203 168 168
0084_0252_0045_0232_0232.jpg 1 252 45 232 232
0085_0055_0096_0299_0299.jpg 1 55 96 299 299
0086_0130_0137_0300_0300.jpg 1 130 137 300 300
0087_0412_0340_0027_0027.jpg 1 412 340 27 27
0088_0084_0062_0198_0198.jpg 1 84 62 198 198
0089_0395_0143_0054_0054.jpg 1 395 143 54 54
0090_0084_0080_0236_0236.jpg 1 84 80 236 236
0091_0319_0280_0147_0147.jpg 1 319 280 147 147
0092_0091_0255_0138_0138.jpg 1 91 255 138 138
0093_0270_0106_0332_0332.jpg 1 270 106 332 332
0094_0095_0211_0288_0288.jpg 1 95 211 288 288
0095_0071_0204_0208_0208.jpg 1 71 204 208 208
0096_0125_0063_0194_0194.jpg 1 125 63 194 194
0097_0061_0028_0299_0299.jpg 1 61 28 299 299
0098_0226_0133_0287_0287.jpg 1 226 133 287 287
0099_0045_0121_0200_0200.jpg 1 45 121 200 200
0100_0407_0257_0057_0057.jpg 1 407 257 57 57
0101_0021_0066_0276_0276.jpg 1 21 66 276 276
0102_0334_0082_0211_0211.jpg 1 334 82 211 211
0103_0143_0325_0155_0155.jpg 1 143 325 155 155
0104_0191_0128_0146_0146.jpg 1 191 128 146 146
0105_0122_0283_0187_0187.jpg 1 122 283 187 187
0106_0270_0274_0116_0116.jpg 1 270 274 116 116
0107_0512_0380_0044_0044.jpg 1 512 380 44 44
0108_0493_0185_0025_0025.jpg 1 493 185 25 25
0109_0329_0069_0249_0249.jpg 1 329 69 249 249
0110_0201_0111_0177_0177.jpg 1 201 111 177 177
0111_0485_0112_0028_0028.jpg 1 485 112 28 28
0112_0300_0229_0180_0180.jpg 1 300 229 180 180
0113_0192_0074_0243_0243.jpg 1 192 74 243 243
0114_0230_0082_0028_0028.jpg 1 230 82 28 28
0115_0104_0200_0291_0291.jpg 1 104 200 291 291
0116_0240_0102_0094_0094.jpg 1 240 102 94 94
0117_0270_0240_0184_0184.jpg 1 270 240 184 184
0118_0193_0087_0212_0212.jpg 1 193 87 212 212
0119_0475_0121_0061_0061.jpg 1 475 121 61 61
0120_0187_0170_0270_0270.jpg 1 187 170 270 270
0121_0371_0439_0047_0047.jpg 1 371 439 47 47
0122_0127_0041_0319_0319.jpg 1 127 41 319 319
0123_0297_0160_0220_0220.jpg 1 297 160 220 220
0124_0184_0132_0261_0261.jpg 1 184 132 261 261
0125_0077_0294_0108_0108.jpg 1 77 294 108 108
0126_0143_0214_0217_0217.jpg 1 143 214 217 217
0127_0428_0360_0057_0057.jpg 1 428 360 57 57
0128_0108_0253_0303_0303.jpg 1 108 253 303 303
