0001_0395_0084_0145_0145.jpg 1 395 84 145 145
0002_0201_0354_0211_0211.jpg 1 201 354 211 211
0003_0206_0364_0219_0219.jpg 1 206 364 219 219
0004_0106_0069_0027_0027.jpg 1 106 69 27 27
0005_0083_0090_0237_0237.jpg 1 83 90 237 237
0006_0191_0304_0131_0131.jpg 1 191 304 131 131
0007_0293_0359_0034_0034.jpg 1 293 359 34 34
0008_0481_0362_0024_0024.jpg 1 481 362 24 24
0009_0327_0148_0236_0236.jpg 1 327 148 236 236
0010_0204_0214_0201_0201.jpg 1 204 214 201 201
0011_0179_0102_0232_0232.jpg 1 179 102 232 232
0012_0168_0153_0117_0117.jpg 1 168 153 117 117
0013_0308_0097_0256_0256.jpg 1 308 97 256 256
0014_0282_0276_0113_0113.jpg 1 282 276 113 113
0015_0050_0180_0252_0252.jpg 1 50 180 252 252
0016_0404_0136_0135_0135.jpg 1 404 136 135 135
0017_0080_0155_0140_0140.jpg 1 80 155 140 140
0018_0169_0118_0074_0074.jpg 1 169 118 74 74
0019_0234_0114_0234_0234.jpg 1 234 114 234 234
0020_0239_0164_0111_0111.jpg 1 239 164 111 111
0021_0251_0229_0180_0180.jpg 1 251 229 180 180
0022_0299_0080_0130_0130.jpg 1 299 80 130 130
0023_0507_0091_0033_0033.jpg 1 507 91 33 33
0024_0104_0352_0067_0067.jpg 1 104 352 67 67
0025_0364_0164_0045_0045.jpg 1 364 164 45 45
0026_0189_0249_0176_0176.jpg 1 189 249 176 176
0027_0108_0132_0146_0146.jpg 1 108 132 146 146
0028_0344_0092_0181_0181.jpg 1 344 92 181 181
0029_0089_0105_0315_0315.jpg 1 89 105 315 315
0030_0068_0100_0289_0289.jpg 1 68 100 289 289
0031_0086_0093_0329_0329.jpg 1 86 93 329 329
0032_0067_0138_0319_0319.jpg 1 67 138 319 319
0033_0174_0213_0219_0219.jpg 1 174 213 219 219
0034_0261_0116_0326_0326.jpg 1 261 116 326 326
0035_0130_0209_0227_0227.jpg 1 130 209 227 227
0036_0172_0330_0028_0028.jpg 1 172 330 28 28
0037_0249_0138_0318_0318.jpg 1 249 138 318 318
0038_0271_0151_0166_0166.jpg 1 271 151 166 166
0039_0076_0092_0027_0027.jpg 1 76 92 27 27
0040_0163_0154_0156_0156.jpg 1 163 154 156 156
0041_0347_0057_0161_0161.jpg 1 347 57 161 161
0042_0223_0245_0067_0067.jpg 1 223 245 67 67
0043_0118_0085_0213_0213.jpg 1 118 85 213 213
0044_0254_0191_0131_0131.jpg 1 254 191 131 131
0045_0133_0477_0086_0086.jpg 1 133 477 86 86
0046_0354_0245_0059_0059.jpg 1 354 245 59 59
0047_0238_0205_0085_0085.jpg 1 238 205 85 85
0048_0100_0284_0101_0101.jpg 1 100 284 101 101
0049_0265_0241_0166_0166.jpg 1 265 241 166 166
0050_0237_0260_0208_0208.jpg 1 237 260 208 208
0051_0210_0091_0149_0149.jpg 1 210 91 149 149
0052_0031_0095_0263_0263.jpg 1 31 95 263 263
0053_0079_0091_0332_0332.jpg 1 79 91 332 332
0054_0165_0057_0269_0269.jpg 1 165 57 269 269
0055_0300_0306_0096_0096.jpg 1 300 306 96 96
0056_0344_0234_0148_0148.jpg 1 344 234 148 148
0057_0021_0130_0272_0272.jpg 1 21 130 272 272
0058_0347_0121_0067_0067.jpg 1 347 121 67 67
0059_0202_0228_0079_0079.jpg 1 202 228 79 79
0060_0076_0228_0052_0052.jpg 1 76 228 52 52
0061_0107_0123_0299_0299.jpg 1 107 123 299 299
0062_0315_0162_0050_0050.jpg 1 315 162 50 50
0063_0073_0107_0306_0306.jpg 1 73 107 306 306
0064_0325_0037_0192_0192.jpg 1 325 37 192 192
0065_0054_0172_0063_0063.jpg 1 54 172 63 63
0066_0162_0218_0234_0234.jpg 1 162 218 234 234
0067_0036_0217_0266_0266.jpg 1 36 217 266 266
0068_0250_0157_0168_0168.jpg 1 250 157 168 168
0069_0131_0179_0248_0248.jpg 1 131 179 248 248
0070_0382_0313_0090_0090.jpg 1 382 313 90 90
0071_0248_0246_0120_0120.jpg 1 248 246 120 120
0072_0238_0118_0052_0052.jpg 1 238 118 52 52
0073_0300_0346_0138_0138.jpg 1 300 346 138 138
0074_0236_0225_0036_0036.jpg 1 236 225 36 36
0075_0292_0180_0071_0071.jpg 1 292 180 71 71
0076_0317_0094_0256_0256.jpg 1 317 94 256 256
0077_0290_0138_0276_0276.jpg 1 290 138 276 276
0078_0072_0211_0163_0163.jpg 1 72 211 163 163
0079_0065_0085_0333_0333.jpg 1 65 85 333 333
0080_0164_0081_0194_0194.jpg 1 164 81 194 194
0081_0211_0356_0098_0098.jpg 1 211 356 98 98
0082_0077_0187_0244_0244.jpg 1 77 187 244 244
0083_0085_0153_0173_0173.jpg 1 85 153 173 173
0084_0465_0191_0079_0079.jpg 1 465 191 79 79
0085_0405_0317_0118_0118.jpg 1 405 317 118 118
0086_0164_0174_0218_0218.jpg 1 164 174 218 218
0087_0168_0093_0273_0273.jpg 1 168 93 273 273
0088_0213_0118_0301_0301.jpg 1 213 118 301 301
0089_0059_0201_0190_0190.jpg 1 59 201 190 190
0090_0112_0057_0247_0247.jpg 1 112 57 247 247
0091_0142_0082_0295_0295.jpg 1 142 82 295 295
0092_0280_0171_0116_0116.jpg 1 280 171 116 116
0093_0490_0224_0068_0068.jpg 1 490 224 68 68
0094_0338_0167_0124_0124.jpg 1 338 167 124 124
0095_0102_0149_0088_0088.jpg 1 102 149 88 88
0096_0163_0240_0183_0183.jpg 1 163 240 183 183
0097_0190_0179_0254_0254.jpg 1 190 179 254 254
0098_0118_0268_0310_0310.jpg 1 118 268 310 310
0099_0181_0107_0315_0315.jpg 1 181 107 315 315
0100_0058_0151_0088_0088.jpg 1 58 151 88 88
0101_0273_0110_0205_0205.jpg 1 273 110 205 205
0102_0320_0115_0085_0085.jpg 1 320 115 85 85
0103_0393_0098_0171_0171.jpg 1 393 98 171 171
0104_0217_0234_0185_0185.jpg 1 217 234 185 185
0105_0314_0122_0279_0279.jpg 1 314 122 279 279
0106_0121_0093_0201_0201.jpg 1 121 93 201 201
0107_0047_0018_0304_0304.jpg 1 47 18 304 304
0108_0316_0119_0225_0225.jpg 1 316 119 225 225
0109_0108_0166_0228_0228.jpg 1 108 166 228 228
0110_0224_0217_0220_0220.jpg 1 224 217 220 220
0111_0138_0194_0171_0171.jpg 1 138 194 171 171
0112_0198_0074_0191_0191.jpg 1 198 74 191 191
0113_0064_0128_0056_0056.jpg 1 64 128 56 56
0114_0197_0096_0202_0202.jpg 1 197 96 202 202
0115_0355_0255_0183_0183.jpg 1 355 255 183 183
0116_0039_0117_0324_0324.jpg 1 39 117 324 324
0117_0217_0164_0163_0163.jpg 1 217 164 163 163
0118_0437_0164_0081_0081.jpg 1 437 164 81 81
0119_0097_0142_0174_0174.jpg 1 97 142 174 174
0120_0262_0131_0321_0321.jpg 1 262 131 321 321
0121_0239_0173_0256_0256.jpg 1 239 173 256 256
0122_0409_0234_0073_0073.jpg 1 409 234 73 73
0123_0189_0212_0240_0240.jpg 1 189 212 240 240
0124_0049_0208_0227_0227.jpg 1 49 208 227 227
0125_0148_0211_0201_0201.jpg 1 148 211 201 201
0126_0086_0040_0322_0322.jpg 1 86 40 322 322
0127_0269_0252_0080_0080.jpg 1 269 252 80 80
0128_0253_0266_0051_0051.jpg 1 253 266 51 51
