0001_0065_0104_0321_0321.jpg 1 65 104 321 321
0002_0059_0229_0292_0292.jpg 1 59 229 292 292
0003_0266_0379_0029_0029.jpg 1 266 379 29 29
0004_0229_0297_0072_0072.jpg 1 229 297 72 72
0005_0260_0016_0335_0335.jpg 1 260 16 335 335
0006_0242_0162_0135_0135.jpg 1 242 162 135 135
0007_0139_0297_0202_0202.jpg 1 139 297 202 202
0008_0340_0038_0200_0200.jpg 1 340 38 200 200
0009_0219_0085_0318_0318.jpg 1 219 85 318 318
0010_0157_0127_0078_0078.jpg 1 157 127 78 78
0011_0237_0048_0306_0306.jpg 1 237 48 306 306
0012_0149_0191_0190_0190.jpg 1 149 191 190 190
0013_0254_0203_0175_0175.jpg 1 254 203 175 175
0014_0164_0180_0198_0198.jpg 1 164 180 198 198
0015_0473_0301_0064_0064.jpg 1 473 301 64 64
0016_0034_0124_0315_0315.jpg 1 34 124 315 315
0017_0221_0060_0133_0133.jpg 1 221 60 133 133
0018_0090_0045_0300_0300.jpg 1 90 45 300 300
0019_0419_0053_0074_0074.jpg 1 419 53 74 74
0020_0333_0106_0138_0138.jpg 1 333 106 138 138
0021_0202_0186_0170_0170.jpg 1 202 186 170 170
0022_0321_0112_0275_0275.jpg 1 321 112 275 275
0023_0425_0158_0100_0100.jpg 1 425 158 100 100
0024_0285_0125_0144_0144.jpg 1 285 125 144 144
0025_0053_0232_0198_0198.jpg 1 53 232 198 198
0026_0245_0278_0066_0066.jpg 1 245 278 66 66
0027_0341_0125_0100_0100.jpg 1 341 125 100 100
0028_0263_0097_0090_0090.jpg 1 263 97 90 90
0029_0253_0203_0211_0211.jpg 1 253 203 211 211
0030_0193_0104_0253_0253.jpg 1 193 104 253 253
0031_0275_0118_0300_0300.jpg 1 275 118 300 300
0032_0028_0182_0206_0206.jpg 1 28 182 206 206
0033_0275_0171_0260_0260.jpg 1 275 171 260 260
0034_0180_0086_0237_0237.jpg 1 180 86 237 237
0035_0329_0148_0117_0117.jpg 1 329 148 117 117
0036_0173_0072_0230_0230.jpg 1 173 72 230 230
0037_0131_0207_0193_0193.jpg 1 131 207 193 193
0038_0106_0280_0298_0298.jpg 1 106 280 298 298
0039_0077_0148_0220_0220.jpg 1 77 148 220 220
0040_0168_0127_0314_0314.jpg 1 168 127 314 314
0041_0120_0142_0229_0229.jpg 1 120 142 229 229
0042_0080_0241_0157_0157.jpg 1 80 241 157 157
0043_0304_0179_0140_0140.jpg 1 304 179 140 140
0044_0229_0174_0214_0214.jpg 1 229 174 214 214
0045_0100_0044_0135_0135.jpg 1 100 44 135 135
0046_0279_0178_0267_0267.jpg 1 279 178 267 267
0047_0202_0369_0187_0187.jpg 1 202 369 187 187
0048_0286_0192_0090_0090.jpg 1 286 192 90 90
0049_0211_0082_0310_0310.jpg 1 211 82 310 310
0050_0315_0090_0264_0264.jpg 1 315 90 264 264
0051_0114_0041_0273_0273.jpg 1 114 41 273 273
0052_0271_0139_0075_0075.jpg 1 271 139 75 75
0053_0303_0177_0261_0261.jpg 1 303 177 261 261
0054_0219_0105_0235_0235.jpg 1 219 105 235 235
0055_0215_0247_0140_0140.jpg 1 215 247 140 140
0056_0263_0045_0146_0146.jpg 1 263 45 146 146
0057_0271_0454_0057_0057.jpg 1 271 454 57 57
0058_0270_0139_0266_0266.jpg 1 270 139 266 266
0059_0270_0087_0160_0160.jpg 1 270 87 160 160
0060_0024_0102_0274_0274.jpg 1 24 102 274 274
0061_0157_0089_0317_0317.jpg 1 157 89 317 317
0062_0235_0451_0111_0111.jpg 1 235 451 111 111
0063_0130_0212_0310_0310.jpg 1 130 212 310 310
0064_0038_0175_0160_0160.jpg 1 38 175 160 160
0065_0150_0237_0192_0192.jpg 1 150 237 192 192
0066_0219_0349_0216_0216.jpg 1 219 349 216 216
0067_0088_0125_0130_0130.jpg 1 88 125 130 130
0068_0251_0304_0129_0129.jpg 1 251 304 129 129
0069_0136_0208_0234_0234.jpg 1 136 208 234 234
0070_0068_0271_0049_0049.jpg 1 68 271 49 49
0071_0202_0157_0257_0257.jpg 1 202 157 257 257
0072_0284_0136_0045_0045.jpg 1 284 136 45 45
0073_0308_0160_0172_0172.jpg 1 308 160 172 172
0074_0134_0246_0316_0316.jpg 1 134 246 316 316
0075_0095_0084_0158_0158.jpg 1 95 84 158 158
0076_0085_0434_0055_0055.jpg 1 85 434 55 55
0077_0146_0212_0119_0119.jpg 1 146 212 119 119
0078_0277_0045_0164_0164.jpg 1 277 45 164 164
0079_0312_0163_0030_0030.jpg 1 312 163 30 30
0080_0194_0039_0335_0335.jpg 1 194 39 335 335
0081_0144_0533_0029_0029.jpg 1 144 533 29 29
0082_0134_0083_0056_0056.jpg 1 134 83 56 56
0083_0364_0155_0224_0224.jpg 1 364 155 224 224
0084_0141_0169_0277_0277.jpg 1 141 169 277 277
0085_0332_0433_0053_0053.jpg 1 332 433 53 53
0086_0432_0339_0065_0065.jpg 1 432 339 65 65
0087_0325_0208_0059_0059.jpg 1 325 208 59 59
0088_0350_0324_0069_0069.jpg 1 350 324 69 69
0089_0185_0053_0181_0181.jpg 1 185 53 181 181
0090_0274_0103_0315_0315.jpg 1 274 103 315 315
0091_0301_0180_0273_0273.jpg 1 301 180 273 273
0092_0034_0268_0142_0142.jpg 1 34 268 142 142
0093_0191_0254_0248_0248.jpg 1 191 254 248 248
0094_0244_0046_0267_0267.jpg 1 244 46 267 267
0095_0177_0340_0090_0090.jpg 1 177 340 90 90
0096_0119_0271_0276_0276.jpg 1 119 271 276 276
0097_0268_0242_0050_0050.jpg 1 268 242 50 50
0098_0112_0160_0045_0045.jpg 1 112 160 45 45
0099_0126_0284_0208_0208.jpg 1 126 284 208 208
0100_0083_0095_0323_0323.jpg 1 83 95 323 323
0101_0103_0102_0217_0217.jpg 1 103 102 217 217
0102_0433_0254_0038_0038.jpg 1 433 254 38 38
0103_0127_0338_0228_0228.jpg 1 127 338 228 228
0104_0045_0349_0099_0099.jpg 1 45 349 99 99
0105_0462_0044_0116_0116.jpg 1 462 44 116 116
0106_0120_0350_0059_0059.jpg 1 120 350 59 59
0107_0250_0107_0267_0267.jpg 1 250 107 267 267
0108_0347_0211_0168_0168.jpg 1 347 211 168 168
0109_0069_0090_0216_0216.jpg 1 69 90 216 216
0110_0227_0024_0284_0284.jpg 1 227 24 284 284
0111_0120_0088_0183_0183.jpg 1 120 88 183 183
0112_0093_0135_0284_0284.jpg 1 93 135 284 284
0113_0517_0054_0047_0047.jpg 1 517 54 47 47
0114_0147_0333_0203_0203.jpg 1 147 333 203 203
0115_0531_0320_0032_0032.jpg 1 531 320 32 32
0116_0057_0212_0110_0110.jpg 1 57 212 110 110
0117_0455_0070_0109_0109.jpg 1 455 70 109 109
0118_0224_0157_0045_0045.jpg 1 224 157 45 45
0119_0263_0041_0325_0325.jpg 1 263 41 325 325
0120_0393_0298_0099_0099.jpg 1 393 298 99 99
0121_0039_0106_0264_0264.jpg 1 39 106 264 264
0122_0269_0053_0275_0275.jpg 1 269 53 275 275
0123_0161_0223_0208_0208.jpg 1 161 223 208 208
0124_0244_0089_0162_0162.jpg 1 244 89 162 162
0125_0063_0055_0207_0207.jpg 1 63 55 207 207
0126_0341_0093_0056_0056.jpg 1 341 93 56 56
0127_0453_0043_0053_0053.jpg 1 453 43 53 53
0128_0285_0280_0064_0064.jpg 1 285 280 64 64
