0001_0192_0121_0187_0187.jpg 1 192 121 187 187
0002_0399_0211_0063_0063.jpg 1 399 211 63 63
0003_0236_0142_0158_0158.jpg 1 236 142 158 158
0004_0230_0027_0289_0289.jpg 1 230 27 289 289
0005_0245_0121_0313_0313.jpg 1 245 121 313 313
0006_0097_0293_0212_0212.jpg 1 97 293 212 212
0007_0374_0105_0193_0193.jpg 1 374 105 193 193
0008_0345_0247_0144_0144.jpg 1 345 247 144 144
0009_0300_0321_0028_0028.jpg 1 300 321 28 28
0010_0307_0107_0213_0213.jpg 1 307 107 213 213
0011_0098_0093_0214_0214.jpg 1 98 93 214 214
0012_0161_0112_0238_0238.jpg 1 161 112 238 238
0013_0342_0153_0134_0134.jpg 1 342 153 134 134
0014_0091_0118_0136_0136.jpg 1 91 118 136 136
0015_0176_0127_0249_0249.jpg 1 176 127 249 249
0016_0047_0099_0224_0224.jpg 1 47 99 224 224
0017_0192_0052_0281_0281.jpg 1 192 52 281 281
0018_0402_0154_0125_0125.jpg 1 402 154 125 125
0019_0068_0114_0255_0255.jpg 1 68 114 255 255
0020_0208_0054_0025_0025.jpg 1 208 54 25 25
0021_0081_0078_0249_0249.jpg 1 81 78 249 249
0022_0466_0061_0109_0109.jpg 1 466 61 109 109
0023_0068_0241_0191_0191.jpg 1 68 241 191 191
0024_0214_0046_0169_0169.jpg 1 214 46 169 169
0025_0313_0206_0223_0223.jpg 1 313 206 223 223
0026_0115_0111_0184_0184.jpg 1 115 111 184 184
0027_0096_0033_0283_0283.jpg 1 96 33 283 283
0028_0074_0199_0245_0245.jpg 1 74 199 245 245
0029_0037_0293_0191_0191.jpg 1 37 293 191 191
0030_0034_0304_0181_0181.jpg 1 34 304 181 181
0031_0242_0040_0315_0315.jpg 1 242 40 315 315
0032_0192_0175_0147_0147.jpg 1 192 175 147 147
0033_0159_0282_0149_0149.jpg 1 159 282 149 149
0034_0131_0231_0263_0263.jpg 1 131 231 263 263
0035_0136_0130_0245_0245.jpg 1 136 130 245 245
0036_0134_0305_0223_0223.jpg 1 134 305 223 223
0037_0039_0068_0260_0260.jpg 1 39 68 260 260
0038_0163_0031_0247_0247.jpg 1 163 31 247 247
0039_0123_0279_0300_0300.jpg 1 123 279 300 300
0040_0292_0177_0252_0252.jpg 1 292 177 252 252
0041_0153_0160_0151_0151.jpg 1 153 160 151 151
0042_0338_0053_0145_0145.jpg 1 338 53 145 145
0043_0393_0051_0170_0170.jpg 1 393 51 170 170
0044_0180_0125_0204_0204.jpg 1 180 125 204 204
0045_0054_0275_0262_0262.jpg 1 54 275 262 262
0046_0153_0187_0162_0162.jpg 1 153 187 162 162
0047_0127_0270_0132_0132.jpg 1 127 270 132 132
0048_0093_0244_0045_0045.jpg 1 93 244 45 45
0049_0323_0136_0117_0117.jpg 1 323 136 117 117
0050_0199_0098_0161_0161.jpg 1 199 98 161 161
0051_0189_0194_0048_0048.jpg 1 189 194 48 48
0052_0274_0019_0302_0302.jpg 1 274 19 302 302
0053_0374_0108_0082_0082.jpg 1 374 108 82 82
0054_0097_0237_0329_0329.jpg 1 97 237 329 329
0055_0309_0143_0265_0265.jpg 1 309 143 265 265
0056_0141_0192_0198_0198.jpg 1 141 192 198 198
0057_0039_0108_0319_0319.jpg 1 39 108 319 319
0058_0224_0028_0196_0196.jpg 1 224 28 196 196
0059_0112_0106_0180_0180.jpg 1 112 106 180 180
0060_0164_0106_0212_0212.jpg 1 164 106 212 212
0061_0328_0281_0101_0101.jpg 1 328 281 101 101
0062_0126_0147_0257_0257.jpg 1 126 147 257 257
0063_0323_0327_0111_0111.jpg 1 323 327 111 111
0064_0505_0083_0028_0028.jpg 1 505 83 28 28
0065_0216_0357_0052_0052.jpg 1 216 357 52 52
0066_0198_0094_0236_0236.jpg 1 198 94 236 236
0067_0152_0090_0330_0330.jpg 1 152 90 330 330
0068_0095_0214_0120_0120.jpg 1 95 214 120 120
0069_0402_0043_0052_0052.jpg 1 402 43 52 52
0070_0276_0132_0027_0027.jpg 1 276 132 27 27
0071_0405_0044_0039_0039.jpg 1 405 44 39 39
0072_0170_0047_0165_0165.jpg 1 170 47 165 165
0073_0292_0101_0252_0252.jpg 1 292 101 252 252
0074_0050_0275_0279_0279.jpg 1 50 275 279 279
0075_0313_0170_0252_0252.jpg 1 313 170 252 252
0076_0137_0168_0140_0140.jpg 1 137 168 140 140
0077_0057_0278_0034_0034.jpg 1 57 278 34 34
0078_0084_0027_0280_0280.jpg 1 84 27 280 280
0079_0227_0223_0170_0170.jpg 1 227 223 170 170
0080_0180_0112_0218_0218.jpg 1 180 112 218 218
0081_0280_0196_0223_0223.jpg 1 280 196 223 223
0082_0339_0181_0261_0261.jpg 1 339 181 261 261
0083_0088_0163_0153_0153.jpg 1 88 163 153 153
0084_0056_0190_0235_0235.jpg 1 56 190 235 235
0085_0067_0045_0275_0275.jpg 1 67 45 275 275
0086_0274_0130_0231_0231.jpg 1 274 130 231 231
0087_0138_0179_0249_0249.jpg 1 138 179 249 249
0088_0061_0033_0327_0327.jpg 1 61 33 327 327
0089_0238_0111_0192_0192.jpg 1 238 111 192 192
0090_0272_0068_0296_0296.jpg 1 272 68 296 296
0091_0093_0143_0171_0171.jpg 1 93 143 171 171
0092_0340_0294_0056_0056.jpg 1 340 294 56 56
0093_0534_0182_0044_0044.jpg 1 534 182 44 44
0094_0139_0182_0213_0213.jpg 1 139 182 213 213
0095_0099_0150_0193_0193.jpg 1 99 150 193 193
0096_0125_0125_0304_0304.jpg 1 125 125 304 304
0097_0049_0150_0293_0293.jpg 1 49 150 293 293
0098_0113_0155_0321_0321.jpg 1 113 155 321 321
0099_0134_0102_0125_0125.jpg 1 134 102 125 125
0100_0407_0312_0075_0075.jpg 1 407 312 75 75
0101_0179_0291_0096_0096.jpg 1 179 291 96 96
0102_0051_0135_0233_0233.jpg 1 51 135 233 233
0103_0288_0066_0035_0035.jpg 1 288 66 35 35
0104_0031_0104_0326_0326.jpg 1 31 104 326 326
0105_0427_0117_0106_0106.jpg 1 427 117 106 106
0106_0198_0119_0077_0077.jpg 1 198 119 77 77
0107_0136_0143_0282_0282.jpg 1 136 143 282 282
0108_0224_0335_0035_0035.jpg 1 224 335 35 35
0109_0435_0067_0149_0149.jpg 1 435 67 149 149
0110_0215_0278_0041_0041.jpg 1 215 278 41 41
0111_0246_0221_0158_0158.jpg 1 246 221 158 158
0112_0067_0338_0171_0171.jpg 1 67 338 171 171
0113_0125_0133_0197_0197.jpg 1 125 133 197 197
0114_0116_0269_0284_0284.jpg 1 116 269 284 284
0115_0369_0191_0070_0070.jpg 1 369 191 70 70
0116_0357_0129_0210_0210.jpg 1 357 129 210 210
0117_0152_0049_0332_0332.jpg 1 152 49 332 332
0118_0043_0054_0284_0284.jpg 1 43 54 284 284
0119_0362_0110_0223_0223.jpg 1 362 110 223 223
0120_0416_0098_0078_0078.jpg 1 416 98 78 78
0121_0107_0136_0240_0240.jpg 1 107 136 240 240
0122_0412_0208_0162_0162.jpg 1 412 208 162 162
0123_0409_0175_0034_0034.jpg 1 409 175 34 34
0124_0193_0187_0253_0253.jpg 1 193 187 253 253
0125_0121_0103_0139_0139.jpg 1 121 103 139 139
0126_0203_0167_0261_0261.jpg 1 203 167 261 261
0127_0357_0074_0039_0039.jpg 1 357 74 39 39
0128_0035_0264_0190_0190.jpg 1 35 264 190 190
