0001_0187_0134_0206_0206.jpg 1 187 134 206 206
0002_0220_0169_0141_0141.jpg 1 220 169 141 141
0003_0265_0290_0122_0122.jpg 1 265 290 122 122
0004_0262_0043_0331_0331.jpg 1 262 43 331 331
0005_0123_0154_0251_0251.jpg 1 123 154 251 251
0006_0360_0160_0044_0044.jpg 1 360 160 44 44
0007_0245_0348_0149_0149.jpg 1 245 348 149 149
0008_0057_0094_0156_0156.jpg 1 57 94 156 156
0009_0178_0275_0171_0171.jpg 1 178 275 171 171
0010_0048_0190_0289_0289.jpg 1 48 190 289 289
0011_0105_0101_0249_0249.jpg 1 105 101 249 249
0012_0255_0156_0129_0129.jpg 1 255 156 129 129
0013_0087_0037_0135_0135.jpg 1 87 37 135 135
0014_0382_0170_0156_0156.jpg 1 382 170 156 156
0015_0127_0194_0227_0227.jpg 1 127 194 227 227
0016_0243_0215_0182_0182.jpg 1 243 215 182 182
0017_0219_0035_0314_0314.jpg 1 219 35 314 314
0018_0305_0166_0209_0209.jpg 1 305 166 209 209
0019_0270_0023_0275_0275.jpg 1 270 23 275 275
0020_0260_0378_0037_0037.jpg 1 260 378 37 37
0021_0286_0034_0175_0175.jpg 1 286 34 175 175
0022_0060_0214_0069_0069.jpg 1 60 214 69 69
0023_0051_0241_0144_0144.jpg 1 51 241 144 144
0024_0523_0294_0032_0032.jpg 1 523 294 32 32
0025_0326_0065_0165_0165.jpg 1 326 65 165 165
0026_0111_0188_0122_0122.jpg 1 111 188 122 122
0027_0204_0185_0088_0088.jpg 1 204 185 88 88
0028_0136_0118_0140_0140.jpg 1 136 118 140 140
0029_0138_0171_0267_0267.jpg 1 138 171 267 267
0030_0026_0231_0245_0245.jpg 1 26 231 245 245
0031_0263_0078_0305_0305.jpg 1 263 78 305 305
0032_0299_0150_0242_0242.jpg 1 299 150 242 242
0033_0123_0032_0285_0285.jpg 1 123 32 285 285
0034_0395_0046_0173_0173.jpg 1 395 46 173 173
0035_0438_0235_0098_0098.jpg 1 438 235 98 98
0036_0217_0045_0146_0146.jpg 1 217 45 146 146
0037_0069_0037_0314_0314.jpg 1 69 37 314 314
0038_0288_0053_0307_0307.jpg 1 288 53 307 307
0039_0250_0046_0240_0240.jpg 1 250 46 240 240
0040_0052_0278_0281_0281.jpg 1 52 278 281 281
0041_0234_0073_0275_0275.jpg 1 234 73 275 275
0042_0263_0117_0297_0297.jpg 1 263 117 297 297
0043_0372_0191_0166_0166.jpg 1 372 191 166 166
0044_0319_0154_0207_0207.jpg 1 319 154 207 207
0045_0133_0114_0196_0196.jpg 1 133 114 196 196
0046_0390_0244_0073_0073.jpg 1 390 244 73 73
0047_0089_0042_0117_0117.jpg 1 89 42 117 117
0048_0217_0448_0102_0102.jpg 1 217 448 102 102
0049_0117_0039_0180_0180.jpg 1 117 39 180 180
0050_0284_0095_0143_0143.jpg 1 284 95 143 143
0051_0359_0229_0126_0126.jpg 1 359 229 126 126
0052_0236_0182_0170_0170.jpg 1 236 182 170 170
0053_0121_0052_0070_0070.jpg 1 121 52 70 70
0054_0068_0088_0240_0240.jpg 1 68 88 240 240
0055_0128_0154_0281_0281.jpg 1 128 154 281 281
0056_0438_0111_0122_0122.jpg 1 438 111 122 122
0057_0130_0067_0319_0319.jpg 1 130 67 319 319
0058_0281_0052_0065_0065.jpg 1 281 52 65 65
0059_0243_0175_0065_0065.jpg 1 243 175 65 65
0060_0082_0223_0121_0121.jpg 1 82 223 121 121
0061_0161_0030_0225_0225.jpg 1 161 30 225 225
0062_0329_0142_0183_0183.jpg 1 329 142 183 183
0063_0121_0321_0079_0079.jpg 1 121 321 79 79
0064_0242_0261_0068_0068.jpg 1 242 261 68 68
0065_0436_0199_0130_0130.jpg 1 436 199 130 130
0066_0420_0189_0117_0117.jpg 1 420 189 117 117
0067_0055_0205_0196_0196.jpg 1 55 205 196 196
0068_0369_0215_0029_0029.jpg 1 369 215 29 29
0069_0207_0083_0163_0163.jpg 1 207 83 163 163
0070_0376_0217_0197_0197.jpg 1 376 217 197 197
0071_0155_0054_0333_0333.jpg 1 155 54 333 333
0072_0430_0138_0132_0132.jpg 1 430 138 132 132
0073_0154_0081_0224_0224.jpg 1 154 81 224 224
0074_0491_0348_0064_0064.jpg 1 491 348 64 64
0075_0289_0062_0273_0273.jpg 1 289 62 273 273
0076_0411_0224_0177_0177.jpg 1 411 224 177 177
0077_0318_0107_0282_0282.jpg 1 318 107 282 282
0078_0144_0051_0247_0247.jpg 1 144 51 247 247
0079_0264_0086_0296_0296.jpg 1 264 86 296 296
0080_0264_0128_0320_0320.jpg 1 264 128 320 320
0081_0282_0375_0046_0046.jpg 1 282 375 46 46
0082_0340_0297_0045_0045.jpg 1 340 297 45 45
0083_0260_0053_0166_0166.jpg 1 260 53 166 166
0084_0099_0120_0091_0091.jpg 1 99 120 91 91
0085_0226_0070_0326_0326.jpg 1 226 70 326 326
0086_0167_0145_0286_0286.jpg 1 167 145 286 286
0087_0276_0177_0201_0201.jpg 1 276 177 201 201
0088_0204_0201_0126_0126.jpg 1 204 201 126 126
0089_0392_0133_0126_0126.jpg 1 392 133 126 126
0090_0182_0284_0039_0039.jpg 1 182 284 39 39
0091_0214_0022_0327_0327.jpg 1 214 22 327 327
0092_0071_0203_0223_0223.jpg 1 71 203 223 223
0093_0439_0211_0112_0112.jpg 1 439 211 112 112
0094_0180_0053_0100_0100.jpg 1 180 53 100 100
0095_0075_0231_0265_0265.jpg 1 75 231 265 265
0096_0108_0118_0314_0314.jpg 1 108 118 314 314
0097_0143_0194_0026_0026.jpg 1 143 194 26 26
0098_0276_0262_0031_0031.jpg 1 276 262 31 31
0099_0447_0226_0126_0126.jpg 1 447 226 126 126
0100_0312_0488_0053_0053.jpg 1 312 488 53 53
0101_0101_0204_0154_0154.jpg 1 101 204 154 154
0102_0098_0077_0281_0281.jpg 1 98 77 281 281
0103_0166_0162_0107_0107.jpg 1 166 162 107 107
0104_0266_0336_0046_0046.jpg 1 266 336 46 46
0105_0289_0030_0237_0237.jpg 1 289 30 237 237
0106_0216_0105_0039_0039.jpg 1 216 105 39 39
0107_0117_0154_0251_0251.jpg 1 117 154 251 251
0108_0079_0156_0328_0328.jpg 1 79 156 328 328
0109_0184_0214_0239_0239.jpg 1 184 214 239 239
0110_0289_0039_0303_0303.jpg 1 289 39 303 303
0111_0280_0165_0195_0195.jpg 1 280 165 195 195
0112_0174_0078_0261_0261.jpg 1 174 78 261 261
0113_0275_0136_0028_0028.jpg 1 275 136 28 28
0114_0376_0200_0060_0060.jpg 1 376 200 60 60
0115_0251_0394_0152_0152.jpg 1 251 394 152 152
0116_0134_0332_0143_0143.jpg 1 134 332 143 143
0117_0052_0071_0329_0329.jpg 1 52 71 329 329
0118_0053_0251_0117_0117.jpg 1 53 251 117 117
0119_0380_0223_0045_0045.jpg 1 380 223 45 45
0120_0236_0158_0270_0270.jpg 1 236 158 270 270
0121_0149_0162_0128_0128.jpg 1 149 162 128 128
0122_0321_0249_0187_0187.jpg 1 321 249 187 187
0123_0225_0127_0115_0115.jpg 1 225 127 115 115
0124_0105_0041_0081_0081.jpg 1 105 41 81 81
0125_0137_0198_0027_0027.jpg 1 137 198 27 27
0126_0204_0206_0072_0072.jpg 1 204 206 72 72
0127_0318_0167_0212_0212.jpg 1 318 167 212 212
0128_0077_0249_0050_0050.jpg 1 77 249 50 50
