0001_0183_0144_0227_0227.jpg 1 183 144 227 227
0002_0257_0149_0223_0223.jpg 1 257 149 223 223
0003_0216_0438_0092_0092.jpg 1 216 438 92 92
0004_0171_0199_0229_0229.jpg 1 171 199 229 229
0005_0234_0237_0059_0059.jpg 1 234 237 59 59
0006_0331_0253_0088_0088.jpg 1 331 253 88 88
0007_0077_0260_0073_0073.jpg 1 77 260 73 73
0008_0027_0213_0279_0279.jpg 1 27 213 279 279
0009_0284_0206_0246_0246.jpg 1 284 206 246 246
0010_0482_0236_0086_0086.jpg 1 482 236 86 86
0011_0413_0100_0157_0157.jpg 1 413 100 157 157
0012_0166_0094_0088_0088.jpg 1 166 94 88 88
0013_0316_0040_0224_0224.jpg 1 316 40 224 224
0014_0069_0470_0057_0057.jpg 1 69 470 57 57
0015_0253_0222_0202_0202.jpg 1 253 222 202 202
0016_0071_0148_0147_0147.jpg 1 71 148 147 147
0017_0212_0086_0203_0203.jpg 1 212 86 203 203
0018_0155_0085_0279_0279.jpg 1 155 85 279 279
0019_0274_0250_0124_0124.jpg 1 274 250 124 124
0020_0173_0252_0180_0180.jpg 1 173 252 180 180
0021_0212_0159_0081_0081.jpg 1 212 159 81 81
0022_0232_0181_0252_0252.jpg 1 232 181 252 252
0023_0235_0185_0185_0185.jpg 1 235 185 185 185
0024_0114_0251_0195_0195.jpg 1 114 251 195 195
0025_0233_0283_0065_0065.jpg 1 233 283 65 65
0026_0156_0253_0212_0212.jpg 1 156 253 212 212
0027_0245_0149_0256_0256.jpg 1 245 149 256 256
0028_0094_0086_0037_0037.jpg 1 94 86 37 37
0029_0352_0077_0049_0049.jpg 1 352 77 49 49
0030_0199_0199_0112_0112.jpg 1 199 199 112 112
0031_0175_0182_0219_0219.jpg 1 175 182 219 219
0032_0099_0548_0027_0027.jpg 1 99 548 27 27
0033_0253_0293_0057_0057.jpg 1 253 293 57 57
0034_0346_0155_0226_0226.jpg 1 346 155 226 226
0035_0110_0213_0226_0226.jpg 1 110 213 226 226
0036_0057_0197_0247_0247.jpg 1 57 197 247 247
0037_0486_0182_0061_0061.jpg 1 486 182 61 61
0038_0272_0059_0053_0053.jpg 1 272 59 53 53
0039_0062_0343_0035_0035.jpg 1 62 343 35 35
0040_0224_0151_0088_0088.jpg 1 224 151 88 88
0041_0101_0128_0263_0263.jpg 1 101 128 263 263
0042_0532_0299_0035_0035.jpg 1 532 299 35 35
0043_0341_0088_0055_0055.jpg 1 341 88 55 55
0044_0494_0065_0073_0073.jpg 1 494 65 73 73
0045_0117_0251_0125_0125.jpg 1 117 251 125 125
0046_0163_0042_0322_0322.jpg 1 163 42 322 322
0047_0129_0070_0311_0311.jpg 1 129 70 311 311
0048_0149_0017_0325_0325.jpg 1 149 17 325 325
0049_0033_0020_0116_0116.jpg 1 33 20 116 116
0050_0153_0110_0309_0309.jpg 1 153 110 309 309
0051_0043_0169_0228_0228.jpg 1 43 169 228 228
0052_0094_0112_0164_0164.jpg 1 94 112 164 164
0053_0230_0054_0303_0303.jpg 1 230 54 303 303
0054_0269_0204_0107_0107.jpg 1 269 204 107 107
0055_0035_0380_0167_0167.jpg 1 35 380 167 167
0056_0100_0098_0101_0101.jpg 1 100 98 101 101
0057_0358_0049_0239_0239.jpg 1 358 49 239 239
0058_0167_0096_0172_0172.jpg 1 167 96 172 172
0059_0249_0127_0281_0281.jpg 1 249 127 281 281
0060_0269_0422_0033_0033.jpg 1 269 422 33 33
0061_0031_0051_0329_0329.jpg 1 31 51 329 329
0062_0185_0125_0284_0284.jpg 1 185 125 284 284
0063_0178_0069_0266_0266.jpg 1 178 69 266 266
0064_0228_0178_0150_0150.jpg 1 228 178 150 150
0065_0131_0071_0335_0335.jpg 1 131 71 335 335
0066_0270_0207_0238_0238.jpg 1 270 207 238 238
0067_0127_0070_0329_0329.jpg 1 127 70 329 329
0068_0215_0131_0311_0311.jpg 1 215 131 311 311
0069_0222_0198_0127_0127.jpg 1 222 198 127 127
0070_0193_0243_0200_0200.jpg 1 193 243 200 200
0071_0239_0097_0215_0215.jpg 1 239 97 215 215
0072_0109_0279_0318_0318.jpg 1 109 279 318 318
0073_0292_0236_0181_0181.jpg 1 292 236 181 181
0074_0270_0175_0263_0263.jpg 1 270 175 263 263
0075_0257_0270_0163_0163.jpg 1 257 270 163 163
0076_0052_0330_0187_0187.jpg 1 52 330 187 187
0077_0228_0052_0155_0155.jpg 1 228 52 155 155
0078_0445_0119_0109_0109.jpg 1 445 119 109 109
0079_0233_0236_0127_0127.jpg 1 233 236 127 127
0080_0115_0036_0248_0248.jpg 1 115 36 248 248
0081_0160_0233_0132_0132.jpg 1 160 233 132 132
0082_0294_0122_0140_0140.jpg 1 294 122 140 140
0083_0108_0051_0192_0192.jpg 1 108 51 192 192
0084_0252_0079_0328_0328.jpg 1 252 79 328 328
0085_0279_0132_0179_0179.jpg 1 279 132 179 179
0086_0280_0201_0187_0187.jpg 1 280 201 187 187
0087_0169_0466_0104_0104.jpg 1 169 466 104 104
0088_0502_0165_0038_0038.jpg 1 502 165 38 38
0089_0166_0268_0281_0281.jpg 1 166 268 281 281
0090_0139_0322_0079_0079.jpg 1 139 322 79 79
0091_0322_0351_0036_0036.jpg 1 322 351 36 36
0092_0380_0056_0055_0055.jpg 1 380 56 55 55
0093_0079_0247_0029_0029.jpg 1 79 247 29 29
0094_0063_0340_0065_0065.jpg 1 63 340 65 65
0095_0418_0202_0098_0098.jpg 1 418 202 98 98
0096_0128_0249_0208_0208.jpg 1 128 249 208 208
0097_0186_0081_0334_0334.jpg 1 186 81 334 334
0098_0186_0255_0135_0135.jpg 1 186 255 135 135
0099_0317_0051_0268_0268.jpg 1 317 51 268 268
0100_0059_0228_0198_0198.jpg 1 59 228 198 198
0101_0487_0290_0063_0063.jpg 1 487 290 63 63
0102_0418_0189_0153_0153.jpg 1 418 189 153 153
0103_0075_0285_0166_0166.jpg 1 75 285 166 166
0104_0119_0038_0277_0277.jpg 1 119 38 277 277
0105_0170_0099_0163_0163.jpg 1 170 99 163 163
0106_0323_0140_0144_0144.jpg 1 323 140 144 144
0107_0274_0147_0222_0222.jpg 1 274 147 222 222
0108_0032_0041_0100_0100.jpg 1 32 41 100 100
0109_0109_0169_0288_0288.jpg 1 109 169 288 288
0110_0315_0045_0130_0130.jpg 1 315 45 130 130
0111_0228_0277_0144_0144.jpg 1 228 277 144 144
0112_0150_0268_0162_0162.jpg 1 150 268 162 162
0113_0293_0088_0028_0028.jpg 1 293 88 28 28
0114_0422_0263_0028_0028.jpg 1 422 263 28 28
0115_0251_0143_0060_0060.jpg 1 251 143 60 60
0116_0192_0323_0215_0215.jpg 1 192 323 215 215
0117_0087_0089_0325_0325.jpg 1 87 89 325 325
0118_0141_0057_0052_0052.jpg 1 141 57 52 52
0119_0342_0076_0083_0083.jpg 1 342 76 83 83
0120_0171_0063_0044_0044.jpg 1 171 63 44 44
0121_0127_0186_0144_0144.jpg 1 127 186 144 144
0122_0190_0060_0154_0154.jpg 1 190 60 154 154
0123_0340_0116_0260_0260.jpg 1 340 116 260 260
0124_0109_0118_0186_0186.jpg 1 109 118 186 186
0125_0063_0053_0248_0248.jpg 1 63 53 248 248
0126_0266_0104_0049_0049.jpg 1 266 104 49 49
0127_0301_0274_0029_0029.jpg 1 301 274 29 29
0128_0494_0129_0039_0039.jpg 1 494 129 39 39
